Single objective optimization:
17 Variable(s)

Options:
CreationFcn:       @gacreationuniform
CrossoverFcn:      @crossoverscattered
SelectionFcn:      @selectionstochunif
MutationFcn:       @mutationadaptfeasible

                                  Best           Mean      Stall
Generation      Func-count        f(x)           f(x)    Generations
    1              400           2.658           23.07        0
    2              590           2.658           33.08        1
    3              780           2.658            37.3        0
    4              970           2.658           26.24        1
    5             1160           2.658           27.99        2
    6             1350           2.658           23.35        3
    7             1540           2.658           21.62        4
    8             1730           2.658           13.56        5
    9             1920           2.658            14.2        6
   10             2110           2.658           8.789        7
   11             2300           2.658           6.826        8
   12             2490           2.658           5.731        9
   13             2680           2.658           4.216       10
   14             2870           2.658           3.679        0
   15             3060           2.658            3.13        1
   16             3250           2.658           2.887        0
   17             3440           2.658           2.831        1
   18             3630           2.657           2.804        0
   19             3820           2.657           2.802        1
   20             4010           2.657           2.755        0
   21             4200           2.657           2.774        0
   22             4390           2.657           2.955        0
   23             4580           2.657           3.647        0
   24             4770           2.657           4.657        1
   25             4960           2.657           4.198        0
   26             5150           2.657           5.407        0
   27             5340           2.657           7.103        1
   28             5530           2.657           7.102        2
   29             5720           2.657           6.276        3
   30             5910           2.657           3.917        4

                                  Best           Mean      Stall
Generation      Func-count        f(x)           f(x)    Generations
   31             6100           2.657           3.493        5
   32             6290           2.657           3.167        6
   33             6480           2.657           2.809        0
   34             6670           2.656           2.766        0
   35             6860           2.656           2.783        0
   36             7050           2.656           3.047        1
   37             7240           2.656           3.085        0
   38             7430           2.656           3.169        1
   39             7620           2.656           3.015        2
   40             7810           2.656           2.886        0
   41             8000           2.656           2.892        0
   42             8190           2.656           2.948        0
   43             8380           2.656           3.292        0
   44             8570           2.656           4.514        1
   45             8760           2.656           4.313        2
   46             8950           2.656           3.867        3
   47             9140           2.656           3.292        4
   48             9330           2.656           2.958        0
   49             9520           2.656           2.844        0
   50             9710           2.656           3.014        0
   51             9900           2.656           3.309        1
   52            10090           2.656           3.145        2
   53            10280           2.656           2.994        0
   54            10470           2.656           3.176        0
   55            10660           2.656           3.381        1
   56            10850           2.656           3.315        0
   57            11040           2.656           3.733        0
   58            11230           2.656             4.9        0
   59            11420           2.656           8.179        1
   60            11610           2.655           6.445        0

                                  Best           Mean      Stall
Generation      Func-count        f(x)           f(x)    Generations
   61            11800           2.655           7.306        0
   62            11990           2.655           9.409        0
   63            12180           2.655           14.06        1
   64            12370           2.655           14.49        2
   65            12560           2.655           15.06        3
   66            12750           2.655           9.586        4
   67            12940           2.655           6.995        5
   68            13130           2.655           4.281        6
   69            13320           2.655           3.699        7
   70            13510           2.655               3        0
   71            13700           2.655           2.997        1
   72            13890           2.655           2.755        0
   73            14080           2.655           2.798        0
   74            14270           2.655           2.906        1
   75            14460           2.655           2.892        0
   76            14650           2.655           2.979        0
   77            14840           2.655           3.493        1
   78            15030           2.655           3.329        0
   79            15220           2.655           3.814        1
   80            15410           2.655           3.632        2
   81            15600           2.655           3.246        3
   82            15790           2.655           3.027        0
   83            15980           2.655            2.99        0
   84            16170           2.655           3.008        0
   85            16360           2.655           3.474        1
   86            16550           2.655           3.297        2
   87            16740           2.655           3.138        0
   88            16930           2.655           3.149        0
   89            17120           2.655           3.338        1
   90            17310           2.655           3.377        0

                                  Best           Mean      Stall
Generation      Func-count        f(x)           f(x)    Generations
   91            17500           2.655           3.571        0
   92            17690           2.655           4.089        0
   93            17880           2.655           7.845        1
   94            18070           2.655           8.415        2
   95            18260           2.655           4.563        0
   96            18450           2.655           4.988        1
   97            18640           2.655           4.382        0
   98            18830           2.655           4.581        1
   99            19020           2.655           4.224        2
  100            19210           2.655           4.014        3
  101            19400           2.655           3.315        0
  102            19590           2.653             3.3        0
  103            19780           2.653           3.582        1
  104            19970           2.653           3.413        2
  105            20160           2.653           3.277        3
  106            20350           2.653           3.035        4
  107            20540           2.653            2.95        5
  108            20730           2.653           2.889        6
  109            20920           2.653           2.747        7
  110            21110           2.653           2.675        0
  111            21300           2.653           2.674        0
  112            21490           2.653           2.676        1
  113            21680           2.653           2.669        0
  114            21870           2.653           2.669        1
  115            22060           2.653           2.664        0
  116            22250           2.653           2.669        0
  117            22440           2.653            2.69        0
  118            22630           2.653            2.76        1
  119            22820           2.653           2.738        2
  120            23010           2.653           2.711        0

                                  Best           Mean      Stall
Generation      Func-count        f(x)           f(x)    Generations
  121            23200           2.653           2.716        0
  122            23390           2.653           2.774        1
  123            23580           2.653           2.761        2
  124            23770           2.653           2.729        0
  125            23960           2.652           2.721        0
  126            24150           2.652            2.82        0
  127            24340           2.652           3.144        1
  128            24530           2.652            3.05        2
  129            24720           2.652           2.911        3
  130            24910           2.652           2.829        0
  131            25100           2.652           2.791        1
  132            25290           2.652           2.736        0
  133            25480           2.652           2.755        0
  134            25670           2.651           2.795        0
  135            25860           2.651           3.094        0
  136            26050           2.651           3.502        0
  137            26240            2.65           4.019        0
  138            26430            2.65           6.075        1
  139            26620            2.65           5.666        0
  140            26810            2.65           8.426        0
  141            27000            2.65           12.37        1
  142            27190            2.65           13.91        0
  143            27380            2.65           13.89        1
  144            27570           2.649           11.23        0
  145            27760           2.649           13.68        0
  146            27950           2.649           15.11        0
  147            28140           2.649            16.7        0
  148            28330           2.649           25.75        0
  149            28520           2.649           24.47        1
  150            28710           2.649           30.61        0

                                  Best           Mean      Stall
Generation      Func-count        f(x)           f(x)    Generations
  151            28900           2.649           28.67        0
  152            29090           2.649           37.65        1
  153            29280           2.649           31.03        2
  154            29470           2.649            24.1        3
  155            29660           2.649           22.28        4
  156            29850           2.649           18.44        5
  157            30040           2.649           13.86        6
  158            30230           2.649           11.89        7
  159            30420           2.649           8.588        0
  160            30610           2.649           6.606        1
  161            30800           2.649           6.298        2
  162            30990           2.649           5.054        3
  163            31180           2.649           3.761        4
  164            31370           2.648           3.397        0
  165            31560           2.648           3.161        1
  166            31750           2.648            2.84        2
  167            31940           2.648           2.786        3
  168            32130           2.648           2.741        0
  169            32320           2.648           2.701        0
  170            32510           2.648           2.712        1
  171            32700           2.648           2.697        0
  172            32890           2.648             2.7        0
  173            33080           2.648           2.732        0
  174            33270           2.648           2.912        1
  175            33460           2.648           2.934        2
  176            33650           2.648             2.8        0
  177            33840           2.648           2.807        0
  178            34030           2.648           2.947        1
  179            34220           2.647           2.846        0
  180            34410           2.647           3.049        1

                                  Best           Mean      Stall
Generation      Func-count        f(x)           f(x)    Generations
  181            34600           2.647           2.988        2
  182            34790           2.647           2.893        0
  183            34980           2.647           2.858        1
  184            35170           2.647           2.786        2
  185            35360           2.647           2.711        0
  186            35550           2.647           2.727        0
  187            35740           2.647           2.812        0
  188            35930           2.647           2.888        0
  189            36120           2.647           3.541        0
  190            36310           2.647           4.375        1
  191            36500           2.647           4.398        0
  192            36690           2.647           4.774        0
  193            36880           2.647            8.79        0
  194            37070           2.647           11.25        0
  195            37260           2.643           14.23        0
  196            37450           2.643           17.49        0
  197            37640           2.643           23.49        0
  198            37830           2.643           31.49        0
  199            38020           2.643            33.2        1
  200            38210           2.643           30.69        0
  201            38400           2.643           30.63        0
  202            38590           2.643           27.25        0
  203            38780           2.643           25.53        1
  204            38970           2.643           29.48        2
  205            39160           2.643           19.42        3
  206            39350           2.643           23.88        4
  207            39540           2.643           19.57        5
  208            39730           2.643            15.2        6
  209            39920           2.643           11.08        7
  210            40110           2.643           7.629        8

                                  Best           Mean      Stall
Generation      Func-count        f(x)           f(x)    Generations
  211            40300           2.643           5.835        9
  212            40490           2.643           4.798        0
  213            40680           2.643           4.561        0
  214            40870           2.643           4.236        0
  215            41060           2.643           4.589        0
  216            41250           2.643           7.815        1
  217            41440           2.643           7.199        2
  218            41630           2.643           5.197        3
  219            41820           2.643           4.263        4
  220            42010           2.643           3.427        5
  221            42200           2.643           3.266        6
  222            42390           2.643           3.033        0
  223            42580           2.643           2.885        0
  224            42770           2.643           2.903        0
  225            42960           2.643           2.995        0
  226            43150           2.643           3.162        0
  227            43340           2.643           4.349        1
  228            43530           2.643           3.943        0
  229            43720           2.643           4.537        1
  230            43910           2.643           4.469        0
  231            44100           2.643           4.703        1
  232            44290           2.643           4.427        2
  233            44480           2.642           3.708        0
  234            44670           2.642           3.663        1
  235            44860           2.642           3.355        0
  236            45050           2.642           3.747        1
  237            45240           2.642           3.561        2
  238            45430           2.642           3.221        0
  239            45620           2.642           3.169        0
  240            45810           2.642           3.439        1

                                  Best           Mean      Stall
Generation      Func-count        f(x)           f(x)    Generations
  241            46000           2.642           3.382        0
  242            46190           2.642           3.804        1
  243            46380           2.642           3.565        2
  244            46570           2.641           3.066        0
  245            46760           2.641           3.099        1
  246            46950           2.641           2.955        0
  247            47140           2.641           3.072        0
  248            47330           2.641            3.61        1
  249            47520           2.641           3.267        2
  250            47710           2.641           3.112        0
  251            47900           2.641           3.075        0
  252            48090           2.641           3.278        0
  253            48280           2.641           4.608        0
  254            48470           2.641           6.328        1
  255            48660           2.641            5.51        0
  256            48850           2.641           6.668        0
  257            49040           2.641           8.584        0
  258            49230           2.641           13.11        0
  259            49420           2.641           15.62        0
  260            49610           2.641           21.46        0
  261            49800           2.641            23.8        0
  262            49990           2.641           25.17        0
  263            50180           2.641           24.16        1
  264            50370           2.641           25.84        2
  265            50560           2.641           24.53        0
  266            50750           2.641           21.42        1
  267            50940           2.641            19.4        2
  268            51130           2.641           16.29        3
  269            51320           2.641           12.77        4
  270            51510           2.641            10.6        5

                                  Best           Mean      Stall
Generation      Func-count        f(x)           f(x)    Generations
  271            51700           2.641           8.518        6
  272            51890           2.641           5.963        7
  273            52080           2.641           4.637        8
  274            52270           2.641           3.567        9
  275            52460           2.641           3.043        0
  276            52650           2.641           2.964        1
  277            52840           2.641           2.838        0
  278            53030           2.641           2.861        0
  279            53220            2.64           3.066        0
  280            53410            2.64           3.331        1
  281            53600            2.64           3.395        0
  282            53790            2.64           4.024        1
  283            53980            2.64           3.619        0
  284            54170            2.64           3.919        1
  285            54360           2.639             3.5        0
  286            54550           2.639           3.888        1
  287            54740           2.639           3.572        2
  288            54930           2.639             3.2        3
  289            55120           2.639           2.941        0
  290            55310           2.639           2.857        1
  291            55500           2.639           2.822        0
  292            55690           2.639           2.867        1
  293            55880           2.639           2.816        2
  294            56070           2.639           2.727        0
  295            56260           2.639           2.712        1
  296            56450           2.639           2.686        0
  297            56640           2.639           2.697        1
  298            56830           2.639           2.685        0
  299            57020           2.639           2.699        0
  300            57210           2.639           2.784        0

                                  Best           Mean      Stall
Generation      Func-count        f(x)           f(x)    Generations
  301            57400           2.639           2.981        0
  302            57590           2.639           3.428        1
  303            57780           2.639           3.302        0
  304            57970           2.639           3.533        1
  305            58160           2.639           3.451        0
  306            58350           2.639           3.691        1
  307            58540           2.639           3.336        2
  308            58730           2.639           3.028        3
  309            58920           2.639           2.866        0
  310            59110           2.639           2.889        1
  311            59300           2.639           2.774        0
  312            59490           2.639           2.847        0
  313            59680           2.639           3.055        1
  314            59870           2.639           2.894        2
  315            60060           2.639           2.817        0
  316            60250           2.639           2.787        1
  317            60440           2.639           2.725        2
  318            60630           2.639           2.677        3
  319            60820           2.639           2.662        0
  320            61010           2.639           2.662        0
  321            61200           2.639           2.672        0
  322            61390           2.638           2.735        0
  323            61580           2.638           2.935        0
  324            61770           2.638           3.422        1
  325            61960           2.638           3.128        0
  326            62150           2.638           3.499        1
  327            62340           2.638           3.383        2
  328            62530           2.638           3.199        0
  329            62720           2.638           3.222        0
  330            62910           2.638           3.571        0

                                  Best           Mean      Stall
Generation      Func-count        f(x)           f(x)    Generations
  331            63100           2.638           4.526        1
  332            63290           2.638           4.326        0
  333            63480           2.638           4.892        0
  334            63670           2.638           7.577        1
  335            63860           2.638           5.719        0
  336            64050           2.638           8.762        1
  337            64240           2.638           8.118        2
  338            64430           2.638           7.791        0
  339            64620           2.638           5.945        0
  340            64810           2.638            6.15        1
  341            65000           2.638           6.603        2
  342            65190           2.638           5.763        3
  343            65380           2.638           4.355        4
  344            65570           2.637           3.243        0
  345            65760           2.636           3.115        0
  346            65950           2.636           3.427        1
  347            66140           2.636           3.433        2
  348            66330           2.636           3.036        0
  349            66520           2.636           3.259        1
  350            66710           2.636            3.07        0
  351            66900           2.636             3.3        0
  352            67090           2.636           3.738        0
  353            67280           2.636            4.53        0
  354            67470           2.636           7.155        1
  355            67660           2.636           6.167        2
  356            67850           2.635            5.19        0
  357            68040           2.635           5.173        1
  358            68230           2.635           4.294        0
  359            68420           2.635           5.301        0
  360            68610           2.635           6.653        1

                                  Best           Mean      Stall
Generation      Func-count        f(x)           f(x)    Generations
  361            68800           2.635            5.27        0
  362            68990           2.635            8.81        0
  363            69180           2.635            10.8        1
  364            69370           2.635           10.52        2
  365            69560           2.635           7.639        3
  366            69750           2.635           6.162        4
  367            69940           2.635           4.381        5
  368            70130           2.635           3.608        0
  369            70320           2.635           3.471        1
  370            70510           2.635           3.212        2
  371            70700           2.635           3.048        3
  372            70890           2.635           2.953        4
  373            71080           2.635           2.852        0
  374            71270           2.635           2.688        1
  375            71460           2.635           2.675        2
  376            71650           2.635            2.65        0
  377            71840           2.635           2.645        0
  378            72030           2.635           2.653        0
  379            72220           2.635           2.664        0
  380            72410           2.634           2.757        0
  381            72600           2.634           2.889        0
  382            72790           2.634           3.377        1
  383            72980           2.634           3.246        0
  384            73170           2.634           3.443        1
  385            73360           2.634           3.378        0
  386            73550           2.634           3.954        1
  387            73740           2.634           3.694        0
  388            73930           2.634           3.813        1
  389            74120           2.634           3.624        2
  390            74310           2.634           3.168        3

                                  Best           Mean      Stall
Generation      Func-count        f(x)           f(x)    Generations
  391            74500           2.634           2.974        0
  392            74690           2.634           2.882        1
  393            74880           2.634           2.748        2
  394            75070           2.634           2.726        0
  395            75260           2.634            2.71        1
  396            75450           2.634           2.691        0
  397            75640           2.634           2.692        0
  398            75830           2.634           2.739        0
  399            76020           2.634           3.034        0
  400            76210           2.634           3.505        1
  401            76400           2.634           3.619        0
  402            76590           2.633           3.521        0
  403            76780           2.633           4.907        0
  404            76970           2.633           9.868        0
  405            77160           2.633           7.708        0
  406            77350           2.633           14.41        1
  407            77540           2.633           15.93        0
  408            77730           2.633            17.6        1
  409            77920           2.633            13.5        0
  410            78110           2.633           17.44        0
  411            78300           2.633            17.6        0
  412            78490           2.633           24.06        1
  413            78680           2.633           21.52        2
  414            78870           2.633           17.63        3
  415            79060           2.633           16.07        4
  416            79250           2.633           12.16        5
  417            79440           2.633           9.561        6
  418            79630           2.633           6.832        7
  419            79820           2.633           5.321        8
  420            80010           2.633           4.346        0

                                  Best           Mean      Stall
Generation      Func-count        f(x)           f(x)    Generations
  421            80200           2.633           3.839        0
  422            80390           2.633            3.92        0
  423            80580           2.633           5.003        1
  424            80770           2.633           4.526        2
  425            80960           2.633           3.536        3
  426            81150           2.633           3.177        4
  427            81340           2.633           3.143        5
  428            81530           2.633           2.816        0
  429            81720           2.633           2.784        1
  430            81910           2.633           2.738        0
  431            82100           2.633           2.741        1
  432            82290           2.632           2.663        0
  433            82480           2.632           2.676        0
  434            82670           2.632           2.737        0
  435            82860           2.632           3.024        0
  436            83050           2.632           3.416        0
  437            83240           2.632             4.5        1
  438            83430           2.632           4.458        0
  439            83620           2.631           5.439        0
  440            83810           2.631           7.371        1
  441            84000           2.631           6.338        0
  442            84190           2.631           9.009        0
  443            84380           2.631           12.12        0
  444            84570           2.631           16.55        0
  445            84760           2.631              18        0
  446            84950           2.631           21.65        0
  447            85140           2.631            24.9        1
  448            85330           2.631           23.06        2
  449            85520           2.631           23.72        0
  450            85710           2.631           27.62        0

                                  Best           Mean      Stall
Generation      Func-count        f(x)           f(x)    Generations
  451            85900           2.631           27.21        1
  452            86090           2.631           30.69        2
  453            86280           2.631           26.33        3
  454            86470           2.631           23.01        4
  455            86660           2.631           22.67        5
  456            86850           2.631           18.89        6
  457            87040           2.631           12.22        7
  458            87230           2.631           8.402        8
  459            87420           2.631            5.44        0
  460            87610           2.631           5.355        0
  461            87800           2.631           4.746        1
  462            87990           2.631           4.473        2
  463            88180           2.631           3.869        0
  464            88370           2.631            4.09        1
  465            88560           2.631            3.95        2
  466            88750           2.631           3.386        0
  467            88940           2.631           3.232        0
  468            89130           2.631            3.68        1
  469            89320           2.631           3.439        0
  470            89510           2.631           3.536        1
  471            89700           2.631           3.235        0
  472            89890           2.631           3.442        1
  473            90080           2.631           3.398        2
  474            90270           2.631           3.148        0
  475            90460           2.631           3.145        0
  476            90650           2.631           3.831        1
  477            90840           2.631           3.599        2
  478            91030           2.631            3.25        0
  479            91220           2.631           3.146        1
  480            91410           2.631           2.958        0

                                  Best           Mean      Stall
Generation      Func-count        f(x)           f(x)    Generations
  481            91600           2.631           3.143        1
  482            91790           2.631           3.023        2
  483            91980           2.631           2.863        0
  484            92170           2.631             2.8        0
  485            92360           2.631               3        1
  486            92550           2.631           2.967        0
  487            92740           2.631           3.023        1
  488            92930           2.631           2.965        0
  489            93120           2.631           2.963        1
  490            93310           2.631           2.878        2
  491            93500           2.631           2.811        0
  492            93690           2.631           2.762        0
  493            93880           2.631           2.922        0
  494            94070           2.631           3.499        0
  495            94260           2.631           5.004        0
  496            94450           2.631           7.027        0
  497            94640           2.631           11.19        1
  498            94830           2.631           9.953        0
  499            95020           2.631           13.34        0
  500            95210           2.631           15.89        0
  501            95400           2.631           19.12        1
  502            95590           2.631           18.34        0
  503            95780            2.63           21.07        0
  504            95970            2.63           29.84        0
  505            96160            2.63           32.08        1
  506            96350            2.63            26.7        2
  507            96540            2.63           28.25        0
  508            96730            2.63           24.58        0
  509            96920            2.63           26.03        1
  510            97110            2.63           30.76        2

                                  Best           Mean      Stall
Generation      Func-count        f(x)           f(x)    Generations
  511            97300            2.63           25.96        0
  512            97490            2.63           24.92        1
  513            97680            2.63           23.05        2
  514            97870            2.63           22.97        3
  515            98060            2.63              19        4
  516            98250            2.63           15.19        5
  517            98440            2.63           10.84        6
  518            98630            2.63           6.313        7
  519            98820            2.63             5.2        8
  520            99010            2.63           4.091        9
  521            99200            2.63           3.148        0
  522            99390            2.63           2.959        1
  523            99580            2.63           2.797        0
  524            99770            2.63           2.823        0
  525            99960            2.63            2.93        1
  526           100150            2.63           2.859        0
  527           100340            2.63             2.9        0
  528           100530            2.63            3.63        0
  529           100720            2.63           4.776        0
  530           100910            2.63           7.844        1
  531           101100            2.63           7.822        0
  532           101290            2.63           10.23        1
  533           101480            2.63           6.209        0
  534           101670            2.63           7.465        1
  535           101860            2.63           6.893        2
  536           102050            2.63           5.497        3
  537           102240            2.63           4.781        0
  538           102430            2.63           4.546        1
  539           102620            2.63           4.077        0
  540           102810            2.63           4.512        1

                                  Best           Mean      Stall
Generation      Func-count        f(x)           f(x)    Generations
  541           103000            2.63           3.949        0
  542           103190            2.63           3.765        0
  543           103380            2.63           4.556        1
  544           103570            2.63           4.177        2
  545           103760            2.63            3.67        3
  546           103950            2.63           3.407        0
  547           104140            2.63           3.089        1
  548           104330            2.63           2.978        2
  549           104520            2.63           2.829        0
  550           104710            2.63           2.804        0
  551           104900            2.63           3.022        0
  552           105090            2.63           3.665        0
  553           105280            2.63           4.273        0
  554           105470            2.63           6.442        0
  555           105660            2.63           10.67        1
  556           105850            2.63           10.54        0
  557           106040            2.63           14.77        1
  558           106230            2.63           9.223        0
  559           106420            2.63           10.79        1
  560           106610            2.63           9.983        2
  561           106800            2.63           7.461        3
  562           106990            2.63           6.208        4
  563           107180            2.63           5.213        5
  564           107370            2.63           4.196        0
  565           107560            2.63           3.657        0
  566           107750            2.63           3.945        1
  567           107940            2.63           3.647        0
  568           108130            2.63           3.743        0
  569           108320            2.63           4.475        1
  570           108510            2.63           4.396        2

                                  Best           Mean      Stall
Generation      Func-count        f(x)           f(x)    Generations
  571           108700            2.63            3.94        3
  572           108890            2.63           3.442        4
  573           109080            2.63           3.073        5
  574           109270           2.629            2.96        0
  575           109460           2.629           2.738        1
  576           109650           2.629           2.716        0
  577           109840           2.629           2.718        1
  578           110030           2.629           2.689        2
  579           110220           2.629           2.678        3
  580           110410           2.629           2.639        4
  581           110600           2.629           2.637        5
  582           110790           2.629           2.637        0
  583           110980           2.628           2.638        0
  584           111170           2.628           2.638        1
  585           111360           2.628           2.637        0
  586           111550           2.628           2.643        1
  587           111740           2.628           2.639        0
  588           111930           2.628           2.644        0
  589           112120           2.628           2.666        0
  590           112310           2.628            2.77        0
  591           112500           2.628           2.913        1
  592           112690           2.628           2.893        0
  593           112880           2.628           3.011        0
  594           113070           2.628           3.652        0
  595           113260           2.628           4.939        0
  596           113450           2.628           7.791        0
  597           113640           2.628           8.554        1
  598           113830           2.628           9.979        0
  599           114020           2.628           11.51        1
  600           114210           2.628           10.43        2

                                  Best           Mean      Stall
Generation      Func-count        f(x)           f(x)    Generations
  601           114400           2.628           8.804        0
  602           114590           2.628             8.3        1
  603           114780           2.628           7.366        2
  604           114970           2.628            5.75        3
  605           115160           2.628           5.025        4
  606           115350           2.628           4.329        5
  607           115540           2.628            3.77        0
  608           115730           2.628           3.061        0
  609           115920           2.628           2.944        1
  610           116110           2.628           2.812        0
  611           116300           2.628           2.955        0
  612           116490           2.628           3.356        1
  613           116680           2.628           3.285        0
  614           116870           2.628           3.644        1
  615           117060           2.628           3.261        2
  616           117250           2.628           3.072        3
  617           117440           2.628            2.89        0
  618           117630           2.628           2.793        0
  619           117820           2.628           2.886        0
  620           118010           2.628           3.278        0
  621           118200           2.628           4.077        1
  622           118390           2.628             4.1        0
  623           118580           2.628            4.36        1
  624           118770           2.627           4.392        0
  625           118960           2.627           4.258        1
  626           119150           2.627           3.701        0
  627           119340           2.627           4.747        1
  628           119530           2.627           4.604        0
  629           119720           2.627           5.285        0
  630           119910           2.627           10.81        0

                                  Best           Mean      Stall
Generation      Func-count        f(x)           f(x)    Generations
  631           120100           2.627           10.52        1
  632           120290           2.627            11.3        2
  633           120480           2.627           8.866        0
  634           120670           2.627            9.08        1
  635           120860           2.627           7.536        2
  636           121050           2.627           5.244        3
  637           121240           2.627           4.569        4
  638           121430           2.627           4.063        5
  639           121620           2.627           3.243        6
  640           121810           2.627           3.054        0
  641           122000           2.627           2.863        0
  642           122190           2.627           2.888        0
  643           122380           2.627           2.957        1
  644           122570           2.627           2.909        0
  645           122760           2.627           3.011        1
  646           122950           2.627           2.938        0
  647           123140           2.627           3.129        0
  648           123330           2.627            3.62        0
  649           123520           2.627           4.139        1
  650           123710           2.627           4.306        2
  651           123900           2.627           3.909        3
  652           124090           2.627           3.273        4
  653           124280           2.627            3.04        5
  654           124470           2.627           2.863        0
  655           124660           2.627           2.798        0
  656           124850           2.627           2.784        1
  657           125040           2.627           2.719        0
  658           125230           2.627           2.759        0
  659           125420           2.627           2.917        0
  660           125610           2.627           3.522        1

                                  Best           Mean      Stall
Generation      Func-count        f(x)           f(x)    Generations
  661           125800           2.627           3.278        2
  662           125990           2.627           3.119        3
  663           126180           2.627           2.891        0
  664           126370           2.627           2.809        0
  665           126560           2.627           2.984        1
  666           126750           2.627           2.935        0
  667           126940           2.626           3.048        0
  668           127130           2.626           3.727        1
  669           127320           2.626           3.336        0
  670           127510           2.626           3.658        1
  671           127700           2.626           3.513        0
  672           127890           2.626           3.794        0
  673           128080           2.626           4.732        0
  674           128270           2.626           5.951        0
  675           128460           2.626           9.429        0
  676           128650           2.626           15.71        1
  677           128840           2.626           15.76        0
Optimization terminated: time limit exceeded.