Single objective optimization:
17 Variable(s)

Options:
CreationFcn:       @gacreationuniform
CrossoverFcn:      @crossoverscattered
SelectionFcn:      @selectionstochunif
MutationFcn:       @mutationadaptfeasible

                                  Best           Mean      Stall
Generation      Func-count        f(x)           f(x)    Generations
    1              400           2.793           22.04        0
    2              590           2.793           20.91        0
    3              780           2.793           27.66        1
    4              970           2.793           32.53        0
    5             1160           2.793           32.46        1
    6             1350           2.793           24.09        0
    7             1540           2.793           27.22        0
    8             1730           2.793           31.76        1
    9             1920           2.793           29.87        2
   10             2110           2.793           23.14        3
   11             2300           2.793           21.01        4
   12             2490           2.793           14.44        5
   13             2680           2.793           12.38        6
   14             2870           2.793           9.016        7
   15             3060           2.793           6.134        8
   16             3250           2.793           4.716        9
   17             3440           2.793            4.09       10
   18             3630           2.793           3.701       11
   19             3820           2.792           3.404        0
   20             4010           2.792           3.274        0
   21             4200           2.791           2.971        0
   22             4390           2.791           3.249        0
   23             4580           2.791           3.658        1
   24             4770           2.791           3.607        0
   25             4960            2.79           3.924        0
   26             5150            2.79           4.528        1
   27             5340            2.79           3.905        0
   28             5530            2.79           5.028        0
   29             5720           2.789           8.135        0
   30             5910           2.789           11.74        0

                                  Best           Mean      Stall
Generation      Func-count        f(x)           f(x)    Generations
   31             6100           2.789           13.92        1
   32             6290           2.789           11.15        2
   33             6480           2.789           10.07        0
   34             6670           2.789           13.47        0
   35             6860           2.789           15.95        0
   36             7050           2.789           16.27        0
   37             7240           2.789            19.1        1
   38             7430           2.789           17.92        2
   39             7620           2.789           15.94        0
   40             7810           2.789           17.72        1
   41             8000           2.789           16.67        2
   42             8190           2.789           18.58        3
   43             8380           2.789           12.31        4
   44             8570           2.789           8.608        0
   45             8760           2.789           12.35        0
   46             8950           2.789           12.81        1
   47             9140           2.789           10.35        0
   48             9330           2.789           13.54        1
   49             9520           2.789           11.12        2
   50             9710           2.789            6.76        3
   51             9900           2.789           5.905        4
   52            10090           2.789           4.401        5
   53            10280           2.789           3.916        6
   54            10470           2.788           3.327        0
   55            10660           2.788           3.324        1
   56            10850           2.788           3.164        0
   57            11040           2.788           3.071        1
   58            11230           2.788           3.039        2
   59            11420           2.788           2.939        0
   60            11610           2.788           2.892        1

                                  Best           Mean      Stall
Generation      Func-count        f(x)           f(x)    Generations
   61            11800           2.787           2.837        0
   62            11990           2.787            2.84        1
   63            12180           2.787           2.837        0
   64            12370           2.787           2.836        0
   65            12560           2.787            2.94        1
   66            12750           2.787           2.881        0
   67            12940           2.786           2.897        0
   68            13130           2.786           3.163        1
   69            13320           2.786           3.109        0
   70            13510           2.786           3.243        1
   71            13700           2.786           3.139        0
   72            13890           2.785           3.288        0
   73            14080           2.785           4.043        0
   74            14270           2.785           4.737        1
   75            14460           2.785           4.396        0
   76            14650           2.785           4.594        1
   77            14840           2.785            4.54        2
   78            15030           2.784           4.087        0
   79            15220           2.783           4.004        0
   80            15410           2.783           5.117        1
   81            15600           2.783           5.113        0
   82            15790           2.783           5.348        0
   83            15980           2.783           6.496        0
   84            16170           2.783           10.36        1
   85            16360           2.783           10.39        2
   86            16550           2.783           8.512        0
   87            16740           2.783           8.567        0
   88            16930           2.783           9.783        1
   89            17120           2.783           10.76        2
   90            17310           2.783           9.309        3

                                  Best           Mean      Stall
Generation      Func-count        f(x)           f(x)    Generations
   91            17500           2.783           6.716        4
   92            17690           2.783           5.361        0
   93            17880           2.783           5.224        1
   94            18070           2.783           3.937        0
   95            18260           2.783           4.196        0
   96            18450           2.783           5.692        1
   97            18640           2.783           4.783        2
   98            18830           2.783           4.286        3
   99            19020           2.782           3.535        0
  100            19210           2.782           3.479        0
  101            19400           2.782           3.774        1
  102            19590           2.782           3.436        0
  103            19780           2.782           3.866        0
  104            19970           2.782           4.778        1
  105            20160           2.782            4.48        2
  106            20350           2.782           3.641        3
  107            20540           2.782           3.344        0
  108            20730           2.782           3.322        1
  109            20920           2.782           3.192        0
  110            21110           2.782           3.377        0
  111            21300           2.781           3.472        0
  112            21490           2.773           4.966        0
  113            21680           2.773           7.992        1
  114            21870           2.773           6.701        2
  115            22060           2.773           4.836        3
  116            22250           2.773           4.563        4
  117            22440           2.772           3.644        0
  118            22630           2.772           3.608        1
  119            22820           2.772           3.303        0
  120            23010            2.77           3.349        0

                                  Best           Mean      Stall
Generation      Func-count        f(x)           f(x)    Generations
  121            23200           2.766           3.718        0
  122            23390           2.766           4.688        0
  123            23580           2.766           5.697        1
  124            23770           2.766           5.877        0
  125            23960           2.765            6.46        0
  126            24150           2.765           11.66        0
  127            24340           2.765            12.1        1
  128            24530           2.765           16.62        2
  129            24720           2.765           11.86        3
  130            24910           2.765            7.57        0
  131            25100           2.765           9.592        0
  132            25290           2.765            13.1        1
  133            25480           2.762           10.44        0
  134            25670           2.761           10.68        0
  135            25860           2.761           13.17        0
  136            26050           2.761           13.42        1
  137            26240           2.761           17.66        0
  138            26430           2.761           20.63        1
  139            26620           2.761           16.04        2
  140            26810           2.761           14.13        3
  141            27000           2.761           12.27        4
  142            27190           2.761           11.24        5
  143            27380           2.761           6.748        6
  144            27570           2.761           4.674        7
  145            27760           2.758           3.954        0
  146            27950           2.758           3.931        1
  147            28140           2.758           3.418        2
  148            28330            2.75           3.113        0
  149            28520            2.75            3.08        1
  150            28710           2.747           2.976        0

                                  Best           Mean      Stall
Generation      Func-count        f(x)           f(x)    Generations
  151            28900           2.747           2.993        1
  152            29090           2.746            2.94        0
  153            29280           2.745           2.991        0
  154            29470           2.744           3.166        0
  155            29660           2.744           3.684        0
  156            29850           2.744           4.168        0
  157            30040           2.744           5.391        1
  158            30230           2.744           5.951        0
  159            30420           2.744           8.676        0
  160            30610           2.744           14.69        1
  161            30800           2.744            12.4        2
  162            30990           2.744           10.28        0
  163            31180           2.744           8.331        0
  164            31370           2.744           10.06        1
  165            31560           2.744           9.881        0
  166            31750           2.744           13.83        0
  167            31940           2.744           13.12        0
  168            32130           2.744           14.51        0
  169            32320           2.744            24.6        1
  170            32510           2.743           23.72        0
  171            32700           2.743           25.48        1
  172            32890           2.743            23.4        0
  173            33080           2.743           25.82        1
  174            33270           2.743           20.09        2
  175            33460           2.743           17.99        3
  176            33650           2.743            16.7        4
  177            33840           2.743           13.87        5
  178            34030           2.743            11.2        6
  179            34220           2.743            6.12        7
  180            34410           2.743           4.062        8

                                  Best           Mean      Stall
Generation      Func-count        f(x)           f(x)    Generations
  181            34600           2.743           3.499        9
  182            34790           2.743           3.207        0
  183            34980           2.743           3.088        0
  184            35170           2.743           3.159        1
  185            35360           2.743           3.068        2
  186            35550           2.743           2.881        0
  187            35740           2.743           2.932        0
  188            35930           2.743           3.075        1
  189            36120           2.743           3.033        2
  190            36310           2.743           2.939        0
  191            36500           2.742           2.904        0
  192            36690           2.742           3.073        1
  193            36880           2.742            2.91        2
  194            37070           2.742           2.907        3
  195            37260           2.742           2.842        0
  196            37450           2.741           2.822        0
  197            37640           2.741           2.875        0
  198            37830           2.741           3.055        1
  199            38020           2.741            2.99        0
  200            38210            2.74           3.093        0
  201            38400           2.739           3.635        0
  202            38590           2.739           4.823        1
  203            38780           2.739           4.138        2
  204            38970           2.739           3.708        0
  205            39160           2.738           3.962        0
  206            39350           2.737           4.488        0
  207            39540           2.737           6.467        1
  208            39730           2.736           5.586        0
  209            39920           2.736           11.23        0
  210            40110           2.736           12.11        0

                                  Best           Mean      Stall
Generation      Func-count        f(x)           f(x)    Generations
  211            40300           2.736           15.94        0
  212            40490           2.736           15.69        0
  213            40680           2.736           23.11        1
  214            40870           2.735            25.1        0
  215            41060           2.735           24.13        1
  216            41250           2.735           23.24        2
  217            41440           2.735           20.14        3
  218            41630           2.735            16.1        4
  219            41820           2.735           11.83        5
  220            42010           2.735           8.857        6
  221            42200           2.735           6.379        7
  222            42390           2.735           5.252        8
  223            42580           2.735           3.647        0
  224            42770           2.735           3.456        0
  225            42960           2.735           3.605        0
  226            43150           2.734            4.93        0
  227            43340           2.734           5.405        1
  228            43530           2.734           5.924        0
  229            43720           2.734           7.355        1
  230            43910           2.734           6.332        0
  231            44100           2.734           8.076        1
  232            44290           2.734           7.236        2
  233            44480           2.734           5.297        0
  234            44670           2.734           4.533        1
  235            44860           2.734           4.342        0
  236            45050           2.734           4.992        0
  237            45240           2.734           6.048        0
  238            45430           2.734           9.322        1
  239            45620           2.734           9.568        2
  240            45810           2.734           8.914        3

                                  Best           Mean      Stall
Generation      Func-count        f(x)           f(x)    Generations
  241            46000           2.734           6.866        4
  242            46190           2.734           4.493        5
  243            46380           2.734            3.88        6
  244            46570           2.733           3.198        0
  245            46760           2.733            3.11        1
  246            46950           2.733            2.98        0
  247            47140           2.733               3        1
  248            47330           2.732           2.854        0
  249            47520           2.732           2.886        1
  250            47710           2.732           2.786        0
  251            47900           2.732           2.843        0
  252            48090           2.732           2.991        1
  253            48280           2.732            2.99        0
  254            48470           2.732           3.132        1
  255            48660           2.732           3.121        2
  256            48850           2.732           2.984        0
  257            49040           2.732            2.89        1
  258            49230           2.732           2.809        0
  259            49420           2.732           2.865        0
  260            49610           2.732           2.978        0
  261            49800           2.731           3.444        0
  262            49990           2.731           4.568        0
  263            50180           2.728           7.297        0
  264            50370           2.727           8.728        0
  265            50560           2.727           13.15        1
  266            50750           2.726           13.49        0
  267            50940            2.72           13.74        0
  268            51130            2.72           17.74        1
  269            51320            2.72           16.76        2
  270            51510           2.719           13.88        0

                                  Best           Mean      Stall
Generation      Func-count        f(x)           f(x)    Generations
  271            51700           2.719           15.48        1
  272            51890           2.719           13.85        2
  273            52080           2.719           12.19        3
  274            52270           2.719           9.976        4
  275            52460           2.719           7.307        0
  276            52650           2.719           6.523        0
  277            52840           2.719           8.309        0
  278            53030           2.719           11.13        1
  279            53220           2.719           12.35        2
  280            53410           2.719           8.242        0
  281            53600           2.719           7.757        0
  282            53790           2.719            10.4        1
  283            53980           2.718           12.15        0
  284            54170           2.718           10.58        1
  285            54360           2.718           9.764        2
  286            54550           2.718           7.876        0
  287            54740           2.718           8.969        1
  288            54930           2.718           7.458        2
  289            55120           2.718            5.37        0
  290            55310           2.718           5.853        1
  291            55500           2.718            5.13        0
  292            55690           2.718           4.692        1
  293            55880           2.718           4.471        0
  294            56070           2.718           5.515        1
  295            56260           2.718           4.469        2
  296            56450           2.718           3.903        3
  297            56640           2.718           3.305        0
  298            56830           2.718           3.438        0
  299            57020           2.717            3.82        0
  300            57210           2.717           4.662        1

                                  Best           Mean      Stall
Generation      Func-count        f(x)           f(x)    Generations
  301            57400           2.717           4.205        2
  302            57590           2.717           3.733        0
  303            57780           2.717           3.964        1
  304            57970           2.716           3.552        0
  305            58160           2.716           3.905        1
  306            58350           2.716           3.619        2
  307            58540           2.715           3.247        0
  308            58730           2.715           3.308        0
  309            58920           2.715           3.783        1
  310            59110           2.715           3.719        2
  311            59300           2.715           3.307        0
  312            59490           2.715           3.372        1
  313            59680           2.715           3.218        0
  314            59870           2.715           3.243        0
  315            60060           2.714           3.288        0
  316            60250           2.714             4.5        0
  317            60440           2.714           5.356        0
  318            60630           2.714           9.851        0
  319            60820           2.714           12.15        0
  320            61010           2.714           20.15        0
  321            61200           2.714           17.09        1
  322            61390           2.714           16.14        2
  323            61580           2.714           17.67        3
  324            61770           2.714           17.56        4
  325            61960           2.714           14.56        5
  326            62150           2.714           9.415        6
  327            62340           2.714           7.538        7
  328            62530           2.714           5.882        8
  329            62720           2.714           4.523        9
  330            62910           2.714           3.875        0

                                  Best           Mean      Stall
Generation      Func-count        f(x)           f(x)    Generations
  331            63100           2.714           2.953        1
  332            63290           2.714           2.865        0
  333            63480           2.714           2.953        0
  334            63670           2.714           3.024        0
  335            63860           2.714           3.464        1
  336            64050           2.714           3.383        0
  337            64240           2.714           3.842        1
  338            64430           2.714           3.495        2
  339            64620           2.714           3.209        0
  340            64810           2.714           3.271        1
  341            65000           2.714           3.082        0
  342            65190           2.714           3.178        1
  343            65380           2.714           3.115        0
  344            65570           2.714           3.167        1
  345            65760           2.714            2.97        0
  346            65950           2.713           3.157        0
  347            66140           2.713           3.467        0
  348            66330           2.713           4.102        1
  349            66520           2.713           4.136        0
  350            66710           2.713           5.202        1
  351            66900           2.713           5.298        0
  352            67090           2.713             5.7        1
  353            67280           2.713           4.901        0
  354            67470           2.713           5.251        0
  355            67660           2.713           8.432        1
  356            67850           2.713           6.301        2
  357            68040           2.713           5.274        3
  358            68230           2.713           4.516        4
  359            68420           2.713            4.12        5
  360            68610           2.713            4.06        6

                                  Best           Mean      Stall
Generation      Func-count        f(x)           f(x)    Generations
  361            68800           2.713           2.919        7
  362            68990           2.713           2.832        0
  363            69180           2.713            2.74        0
  364            69370           2.713           2.761        0
  365            69560           2.713           2.847        1
  366            69750           2.713            2.82        2
  367            69940           2.713           2.799        3
  368            70130           2.712            2.77        0
  369            70320           2.712           2.766        0
  370            70510           2.712           2.761        0
  371            70700           2.712           2.843        0
  372            70890           2.711            3.05        0
  373            71080           2.711           3.542        0
  374            71270            2.71           4.306        0
  375            71460            2.71           9.181        1
  376            71650            2.71           6.376        0
  377            71840            2.71              10        0
  378            72030            2.71           10.68        1
  379            72220            2.71           10.01        0
  380            72410            2.71           12.16        0
  381            72600            2.71           13.97        0
  382            72790            2.71           14.75        1
  383            72980            2.71           14.55        0
  384            73170            2.71           18.04        1
  385            73360            2.71           18.23        2
  386            73550            2.71           13.97        3
  387            73740            2.71           12.47        4
  388            73930            2.71           9.659        5
  389            74120            2.71            7.44        6
  390            74310           2.697           5.523        0

                                  Best           Mean      Stall
Generation      Func-count        f(x)           f(x)    Generations
  391            74500           2.697           5.017        0
  392            74690           2.697           5.266        1
  393            74880           2.697           4.791        2
  394            75070           2.697           4.445        3
  395            75260           2.693           4.323        0
  396            75450           2.687           4.458        0
  397            75640           2.687           5.299        0
  398            75830           2.686           5.365        0
  399            76020           2.686           8.649        0
  400            76210           2.685           10.09        0
  401            76400           2.684           10.38        0
  402            76590           2.684           14.37        0
  403            76780           2.684           28.33        1
  404            76970           2.683           31.56        0
  405            77160           2.683           28.81        1
  406            77350           2.683           20.07        2
  407            77540           2.683           19.25        3
  408            77730           2.683           18.21        4
  409            77920           2.683           15.74        5
  410            78110           2.683           10.12        6
  411            78300            2.68           6.088        0
  412            78490            2.68           5.871        1
  413            78680            2.68           4.907        2
  414            78870           2.679           4.118        0
  415            79060           2.678           4.091        0
  416            79250           2.678           5.504        0
  417            79440           2.678           6.307        1
  418            79630           2.678            6.14        2
  419            79820           2.678           5.559        0
  420            80010           2.678           5.802        0

                                  Best           Mean      Stall
Generation      Func-count        f(x)           f(x)    Generations
  421            80200           2.677           8.685        0
  422            80390           2.677           11.69        1
  423            80580           2.677           14.16        0
  424            80770           2.677           13.74        0
  425            80960           2.677           14.26        1
  426            81150           2.677            15.2        0
  427            81340           2.677           17.15        1
  428            81530           2.677           17.38        2
  429            81720           2.677           12.18        3
  430            81910           2.677           7.782        4
  431            82100           2.677           5.671        5
  432            82290           2.677           4.619        6
  433            82480           2.677           3.721        0
  434            82670           2.677            3.35        1
  435            82860           2.676           3.073        0
  436            83050           2.676           3.084        1
  437            83240           2.676           2.917        2
  438            83430           2.676           2.879        0
  439            83620           2.676           2.833        0
  440            83810           2.676           3.007        1
  441            84000           2.675           3.023        0
  442            84190           2.675           3.086        1
  443            84380           2.675           2.909        0
  444            84570           2.674           2.969        0
  445            84760           2.674           3.508        1
  446            84950           2.674            3.46        0
  447            85140           2.674           3.753        0
  448            85330           2.674           4.927        1
  449            85520           2.674            4.33        2
  450            85710           2.674           3.875        0

                                  Best           Mean      Stall
Generation      Func-count        f(x)           f(x)    Generations
  451            85900           2.674           3.884        1
  452            86090           2.674           3.722        0
  453            86280           2.674           4.043        0
  454            86470           2.674           4.557        0
  455            86660           2.674           7.376        1
  456            86850           2.674            6.81        2
  457            87040           2.674            5.74        3
  458            87230           2.674           4.884        0
  459            87420           2.674           4.096        1
  460            87610           2.674           3.793        2
  461            87800           2.674           3.123        0
  462            87990           2.674            3.09        1
  463            88180           2.674           2.931        2
  464            88370           2.674            2.82        3
  465            88560           2.674           2.774        0
  466            88750           2.674           2.776        0
  467            88940           2.674           2.865        0
  468            89130           2.674           3.137        0
  469            89320           2.673           3.534        0
  470            89510           2.673           4.392        1
  471            89700           2.673             4.3        0
  472            89890           2.673           4.176        0
  473            90080           2.673            6.24        1
  474            90270           2.673           6.317        2
  475            90460           2.673           4.466        0
  476            90650           2.673           4.983        0
  477            90840           2.673           6.929        1
  478            91030           2.673           6.218        0
  479            91220           2.673           6.682        1
  480            91410           2.673           5.881        0

                                  Best           Mean      Stall
Generation      Func-count        f(x)           f(x)    Generations
  481            91600           2.673           6.283        0
  482            91790           2.673           8.937        1
  483            91980           2.673           8.896        2
  484            92170           2.673           5.822        3
  485            92360           2.673           5.416        4
  486            92550           2.673           4.366        5
  487            92740           2.673           3.925        6
  488            92930           2.673           3.237        7
  489            93120           2.673           2.951        0
  490            93310           2.673           2.792        0
  491            93500           2.673           2.867        0
  492            93690           2.673            2.97        0
  493            93880           2.672           3.645        0
  494            94070           2.672            4.57        1
  495            94260           2.672           4.337        2
  496            94450           2.672           4.113        3
  497            94640           2.672           3.722        4
  498            94830           2.672           3.336        0
  499            95020           2.672           3.201        1
  500            95210           2.671           2.953        0
  501            95400           2.671           2.977        1
  502            95590           2.671           2.801        2
  503            95780           2.671           2.756        0
  504            95970            2.67            2.76        0
  505            96160            2.67            2.81        1
  506            96350            2.67           2.764        0
  507            96540            2.67           2.819        0
  508            96730            2.67           3.087        1
  509            96920            2.67           2.973        2
  510            97110            2.67           2.907        3

                                  Best           Mean      Stall
Generation      Func-count        f(x)           f(x)    Generations
  511            97300            2.67           2.779        4
  512            97490           2.669           2.726        0
  513            97680           2.669           2.716        0
  514            97870           2.669           2.708        1
  515            98060           2.669           2.702        0
  516            98250           2.669           2.734        1
  517            98440           2.669           2.701        0
  518            98630           2.669           2.717        0
  519            98820           2.669           2.799        0
  520            99010           2.669           3.056        0
  521            99200           2.669           3.848        1
  522            99390           2.669           3.328        2
  523            99580           2.669           2.931        0
  524            99770           2.669           3.007        0
  525            99960           2.669           3.563        0
  526           100150           2.669           4.551        0
  527           100340           2.669           6.557        0
  528           100530           2.669           11.69        1
  529           100720           2.669           11.07        2
  530           100910           2.669            9.37        3
  531           101100           2.669           7.023        0
  532           101290           2.669           6.347        1
  533           101480           2.669           5.146        2
  534           101670           2.669           4.073        3
  535           101860           2.669           3.494        4
  536           102050           2.669           3.024        0
  537           102240           2.669           2.943        1
  538           102430           2.669           2.853        2
  539           102620           2.669           2.761        3
  540           102810           2.669           2.714        0

                                  Best           Mean      Stall
Generation      Func-count        f(x)           f(x)    Generations
  541           103000           2.669           2.701        0
  542           103190           2.669           2.724        1
  543           103380           2.669           2.707        0
  544           103570           2.669           2.713        0
  545           103760           2.668           2.809        0
  546           103950           2.668           3.084        0
  547           104140           2.668           3.376        0
  548           104330           2.668           3.931        0
  549           104520           2.668           6.641        1
  550           104710           2.668           7.143        2
  551           104900           2.668           6.662        0
  552           105090           2.668           6.754        0
  553           105280           2.668           8.869        1
  554           105470           2.668           5.969        2
  555           105660           2.668           5.439        3
  556           105850           2.668           3.796        4
  557           106040           2.668           3.259        0
  558           106230           2.668           3.139        0
  559           106420           2.668            3.47        1
  560           106610           2.668           3.281        0
  561           106800           2.668           3.497        0
  562           106990           2.668           4.821        0
  563           107180           2.668            8.07        1
  564           107370           2.668           8.141        0
  565           107560           2.668            8.34        1
  566           107750           2.667           7.824        0
  567           107940           2.667           7.898        1
  568           108130           2.667           6.508        2
  569           108320           2.667            5.51        0
  570           108510           2.667           5.057        1

                                  Best           Mean      Stall
Generation      Func-count        f(x)           f(x)    Generations
  571           108700           2.667            4.44        0
  572           108890           2.667           5.573        1
  573           109080           2.667           4.641        0
  574           109270           2.667            4.86        1
  575           109460           2.666           4.772        0
  576           109650           2.666           5.148        0
  577           109840           2.666           6.172        0
  578           110030           2.666           9.264        1
  579           110220           2.666           9.284        2
  580           110410           2.666           7.213        0
  581           110600           2.666           8.834        0
  582           110790           2.666           11.47        1
  583           110980           2.666           11.96        2
  584           111170           2.666           11.03        3
  585           111360           2.666            7.57        4
  586           111550           2.666           6.342        5
  587           111740           2.666           5.033        6
  588           111930           2.666           3.278        7
  589           112120           2.666           3.063        0
  590           112310           2.666            2.81        1
  591           112500           2.666           2.778        2
  592           112690           2.666           2.721        0
  593           112880           2.666           2.687        1
  594           113070           2.666           2.685        0
  595           113260           2.666           2.683        0
  596           113450           2.666           2.708        0
  597           113640           2.666           2.755        0
  598           113830           2.666           3.014        0
  599           114020           2.666           3.568        0
  600           114210           2.666           4.204        0

                                  Best           Mean      Stall
Generation      Func-count        f(x)           f(x)    Generations
  601           114400           2.666           6.232        0
  602           114590           2.666              10        1
  603           114780           2.666           9.558        0
  604           114970           2.666           13.28        0
  605           115160           2.666           14.92        0
  606           115350           2.666           17.24        1
  607           115540           2.666           16.73        0
  608           115730           2.666           15.85        1
  609           115920           2.666           15.84        2
  610           116110           2.666           16.17        0
  611           116300           2.666           21.21        1
  612           116490           2.666           15.62        2
  613           116680           2.666           12.83        3
  614           116870           2.666           7.039        4
  615           117060           2.666           5.626        5
  616           117250           2.666            4.46        6
  617           117440           2.666           3.969        7
  618           117630           2.666           3.728        8
  619           117820           2.666            3.43        0
  620           118010           2.666           3.206        0
  621           118200           2.666           3.248        0
  622           118390           2.666           3.387        1
  623           118580           2.665           2.862        0
  624           118770           2.665           3.007        1
  625           118960           2.663            3.02        0
  626           119150           2.663           3.008        1
  627           119340           2.663           2.852        2
  628           119530           2.663           2.801        3
  629           119720           2.663            2.73        4
  630           119910           2.663           2.711        5

                                  Best           Mean      Stall
Generation      Func-count        f(x)           f(x)    Generations
  631           120100           2.663           2.696        0
  632           120290           2.663           2.682        1
  633           120480           2.663            2.68        0
  634           120670           2.663           2.678        1
  635           120860           2.663           2.677        0
  636           121050           2.663           2.675        0
  637           121240           2.663           2.682        0
  638           121430           2.663           2.706        1
  639           121620           2.662           2.696        0
  640           121810           2.662           2.705        0
  641           122000           2.662           2.756        0
  642           122190           2.662           3.006        0
  643           122380           2.662           3.453        0
  644           122570           2.662           4.573        0
  645           122760           2.662           7.462        0
  646           122950           2.662            9.44        0
  647           123140           2.662           14.62        0
  648           123330           2.662            14.3        1
  649           123520           2.662           17.35        2
  650           123710           2.662            17.7        0
  651           123900           2.662              21        1
  652           124090           2.662           16.08        2
  653           124280           2.662           12.86        3
  654           124470           2.662           8.243        4
  655           124660           2.662           5.593        5
  656           124850           2.662           5.047        6
  657           125040           2.662           3.929        7
  658           125230           2.662            3.41        8
  659           125420           2.662           3.207        0
  660           125610           2.662           2.926        1

                                  Best           Mean      Stall
Generation      Func-count        f(x)           f(x)    Generations
  661           125800           2.662           2.837        0
  662           125990           2.662           2.722        0
  663           126180           2.662           2.811        0
  664           126370           2.662           2.995        0
  665           126560           2.662           3.578        0
  666           126750           2.661           4.499        0
  667           126940           2.661           7.165        0
  668           127130            2.66           11.36        0
  669           127320            2.66           10.11        0
  670           127510            2.66           17.86        0
  671           127700            2.66            22.7        0
  672           127890            2.66           26.66        1
  673           128080            2.66           26.35        0
  674           128270            2.66           20.75        0
  675           128460            2.66           17.26        0
  676           128650            2.66           28.81        1
  677           128840            2.66            27.5        2
  678           129030            2.66            26.3        0
  679           129220            2.66           22.06        1
  680           129410            2.66           17.97        2
  681           129600            2.66           15.62        0
  682           129790            2.66           15.18        1
  683           129980            2.66           18.89        2
  684           130170            2.66              14        3
  685           130360            2.66           16.64        4
  686           130550            2.66           11.46        5
  687           130740            2.66           7.233        6
  688           130930            2.66           4.583        7
  689           131120            2.66           3.449        0
  690           131310            2.66           3.298        1

                                  Best           Mean      Stall
Generation      Func-count        f(x)           f(x)    Generations
  691           131500            2.66           3.082        0
  692           131690            2.66           3.082        0
  693           131880           2.659           3.653        0
  694           132070           2.659           4.651        0
  695           132260           2.659           5.681        1
  696           132450           2.659           6.055        2
  697           132640           2.659           5.232        0
  698           132830           2.659           5.442        0
  699           133020           2.659            8.77        0
  700           133210           2.659           14.31        0
  701           133400           2.659           14.89        0
  702           133590           2.658           19.17        0
  703           133780           2.658           18.52        1
  704           133970           2.658            18.3        0
  705           134160           2.658              24        1
  706           134350           2.658           21.53        2
Optimization terminated: time limit exceeded.