Multi-objective optimization:
17 Variable(s)

Options:
CreationFcn:       @gacreationuniform
CrossoverFcn:      @crossoverintermediate
SelectionFcn:      @selectiontournament
MutationFcn:       @mutationadaptfeasible

                              Average            Average
Generation   Func-count    Pareto distance    Pareto spread
    1           200                 1                 1
    2           400        0.00399667                 1
    3           600        0.00133718          0.990071
    4           800        0.00105726          0.893675
    5          1000       0.000990355          0.800234
    6          1200       0.000891861          0.742316
    7          1400        0.00126038          0.980853
    8          1600        0.00113815          0.764455
    9          1800        0.00116367          0.946551
   10          2000        0.00114408          0.977564
   11          2200        0.00112686          0.993946
   12          2400         0.0011233          0.980833
   13          2600       0.000473162          0.979294
   14          2800       0.000499203          0.536262
   15          3000       0.000490838          0.732693
   16          3200       0.000486332          0.559862
   17          3400       0.000518043          0.611697
   18          3600       0.000510804          0.625472
   19          3800       0.000511185          0.647435
   20          4000       0.000509168          0.614439
   21          4200       0.000510191          0.618366
   22          4400       0.000508549          0.618851
   23          4600       0.000511274          0.614288
   24          4800        0.00053962          0.629319
   25          5000       0.000536207          0.685315
   26          5200       0.000529203          0.721799
   27          5400       0.000534157          0.683149
   28          5600       0.000537205           0.70259
   29          5800       0.000533886           0.67348
   30          6000       0.000535759          0.653896

                              Average            Average
Generation   Func-count    Pareto distance    Pareto spread
   31          6200       0.000531291          0.626595
   32          6400       0.000529218          0.633774
   33          6600       0.000528524           0.67049
   34          6800       0.000528239          0.654139
   35          7000       0.000526983          0.661763
   36          7200       0.000478897          0.631939
   37          7400       0.000478833          0.630947
   38          7600       0.000475043          0.591838
   39          7800        0.00047659          0.598223
   40          8000       0.000475632          0.595626
   41          8200       0.000476345          0.612641
   42          8400       0.000475217          0.571441
   43          8600       0.000476518          0.592745
   44          8800       0.000477148           0.60835
   45          9000       0.000479343          0.634239
   46          9200       9.29731e-05          0.967756
   47          9400       9.25522e-05          0.143869
   48          9600       7.97905e-05          0.131511
   49          9800        8.7942e-05          0.140947
   50         10000       0.000125612          0.198934
   51         10200       0.000112646          0.171153
   52         10400       0.000138074          0.203949
   53         10600       0.000134722          0.217655
   54         10800       0.000132358          0.500536
   55         11000        0.00013315          0.203516
   56         11200       0.000144375          0.211741
   57         11400       0.000132094          0.204426
   58         11600       0.000129687          0.202579
   59         11800       0.000122657            0.1902
   60         12000        0.00012691          0.192698

                              Average            Average
Generation   Func-count    Pareto distance    Pareto spread
   61         12200       0.000116513          0.173473
   62         12400       0.000134231          0.215877
   63         12600       0.000111755          0.357974
   64         12800       0.000100176          0.184177
   65         13000       0.000446334          0.976428
   66         13200       0.000451238          0.568581
   67         13400       0.000453013          0.581815
   68         13600       0.000453505          0.583566
   69         13800       0.000454137          0.576876
   70         14000        0.00045318           0.57206
   71         14200       0.000448727          0.563071
   72         14400       0.000451719          0.575563
   73         14600        0.00045041          0.561407
   74         14800       0.000447059          0.545938
   75         15000       0.000446658          0.562779
   76         15200       0.000447867            0.5396
   77         15400       0.000477403           0.58177
   78         15600       0.000473735          0.583799
   79         15800       0.000469408          0.599233
   80         16000       0.000467271          0.560797
   81         16200       0.000469991           0.56983
   82         16400       0.000467807          0.583947
   83         16600       0.000472386          0.584049
   84         16800       0.000469599          0.585926
   85         17000       0.000463933          0.566433
   86         17200       0.000468399          0.544275
   87         17400       0.000471124          0.537017
   88         17600       0.000485703          0.542904
   89         17800       0.000487181          0.549033
   90         18000       0.000487787          0.554709

                              Average            Average
Generation   Func-count    Pareto distance    Pareto spread
   91         18200       0.000494585          0.551624
   92         18400       0.000496576          0.559515
   93         18600       0.000491314          0.542003
   94         18800       0.000489863           0.54016
   95         19000       0.000490854          0.539506
   96         19200       0.000493811             0.543
   97         19400       0.000492258          0.519711
   98         19600       0.000562753          0.505461
   99         19800       0.000535439           0.50624
  100         20000       0.000554329          0.524099
  101         20200       0.000551633          0.547628
  102         20400       0.000549723          0.545731
  103         20600       0.000526854          0.547935
  104         20800       0.000520564          0.549916
  105         21000       0.000547344          0.578205
  106         21200        0.00054639          0.577539
  107         21400        0.00053017          0.560325
  108         21600       0.000526982          0.548386
  109         21800       0.000525603          0.555976
  110         22000       0.000529567          0.526027
  111         22200       0.000521097          0.542262
  112         22400       0.000517116          0.546273
  113         22600       0.000525319          0.554939
  114         22800       0.000523999          0.555409
  115         23000       0.000536395          0.531734
  116         23200       0.000527012          0.547311
  117         23400       0.000511536          0.539288
  118         23600       0.000510669          0.538373
  119         23800       0.000506368          0.543059
  120         24000       0.000499052          0.528096

                              Average            Average
Generation   Func-count    Pareto distance    Pareto spread
  121         24200       0.000491014            0.5197
  122         24400       0.000485695          0.513512
  123         24600       0.000465731          0.496859
  124         24800       0.000461944          0.491156
  125         25000       0.000461546          0.490198
  126         25200       0.000503052          0.470485
  127         25400       0.000498115          0.465867
  128         25600       0.000284206          0.294812
  129         25800       0.000268336          0.296907
  130         26000       0.000256017           0.29632
  131         26200       0.000264042          0.310238
  132         26400       0.000260407          0.310534
  133         26600       0.000268655           0.31865
  134         26800       0.000257346          0.305237
  135         27000       0.000234632          0.278896
  136         27200       0.000221627          0.780679
  137         27400       0.000222142          0.293367
  138         27600        0.00021731          0.295683
  139         27800       0.000206933          0.283098
  140         28000       0.000205694          0.275762
  141         28200       0.000199514          0.272129
  142         28400       0.000198054          0.270986
  143         28600       0.000199571          0.271546
  144         28800       0.000198621          0.271413
  145         29000       0.000182966          0.252496
  146         29200       0.000178591          0.246854
  147         29400       0.000188454          0.415354
  148         29600       0.000193548          0.602811
  149         29800       0.000199403          0.261018
  150         30000       0.000202151          0.266184

                              Average            Average
Generation   Func-count    Pareto distance    Pareto spread
  151         30200       0.000222217          0.285063
  152         30400       0.000216787          0.353136
  153         30600       0.000208234          0.272661
  154         30800       0.000215027          0.281882
  155         31000       0.000214181          0.277807
  156         31200       0.000210519          0.272127
  157         31400       0.000208468          0.271537
  158         31600       0.000198391          0.256363
  159         31800       0.000208949          0.267843
  160         32000       0.000209773          0.268899
  161         32200        0.00037542          0.885428
  162         32400       0.000370276           0.42215
  163         32600        0.00048495          0.504788
  164         32800       0.000416205          0.455361
  165         33000       0.000634456           0.63259
  166         33200       0.000625477          0.643436
  167         33400       0.000678405          0.622726
  168         33600       0.000690505          0.611977
  169         33800       0.000781661          0.606171
  170         34000        0.00072772          0.595637
  171         34200       0.000908774          0.715759
  172         34400       0.000932212          0.763012
  173         34600       0.000773356          0.663364
  174         34800       0.000762817          0.679984
  175         35000       0.000748567          0.705052
  176         35200       0.000717811          0.736448
  177         35400       0.000746232          0.690302
  178         35600       0.000738009           0.70752
  179         35800       0.000686207          0.637257
  180         36000       0.000677555          0.650552

                              Average            Average
Generation   Func-count    Pareto distance    Pareto spread
  181         36200       0.000674945          0.648046
  182         36400       0.000667316          0.651224
  183         36600       0.000641201          0.595461
  184         36800       0.000629849          0.614661
  185         37000       0.000621016           0.64514
  186         37200       0.000627783          0.968309
  187         37400       0.000624345          0.638772
  188         37600       0.000488588          0.506186
  189         37800       0.000496449          0.506293
  190         38000       0.000407131          0.706524
  191         38200       0.000370333          0.417291
  192         38400       0.000354354          0.400091
  193         38600       0.000333677          0.378613
  194         38800       0.000345725          0.383748
  195         39000       0.000335898          0.378489
  196         39200       0.000317187          0.360996
  197         39400       0.000356155          0.415413
  198         39600       0.000355615          0.412294
  199         39800       0.000356853          0.411175
  200         40000        0.00023286          0.697225
  201         40200       0.000234705          0.285513
  202         40400       0.000229278          0.277233
  203         40600       0.000229522          0.278176
  204         40800       0.000229135          0.279629
  205         41000       0.000234524          0.280267
  206         41200       0.000241857          0.280813
  207         41400       0.000304876          0.359428
  208         41600       0.000241556          0.288816
  209         41800       0.000311936          0.328748
  210         42000        0.00031847          0.364077

                              Average            Average
Generation   Func-count    Pareto distance    Pareto spread
  211         42200       0.000311782           0.36757
  212         42400       0.000289333          0.349067
  213         42600       0.000385661          0.829852
  214         42800       0.000386336          0.407567
  215         43000        0.00038038          0.406777
  216         43200       0.000408619          0.418177
  217         43400       0.000409306          0.415841
  218         43600        0.00049934          0.489659
  219         43800       0.000500939          0.491227
  220         44000       0.000499389          0.500916
  221         44200       0.000498118          0.501136
  222         44400       0.000500032          0.499422
  223         44600       0.000500402          0.500931
  224         44800       0.000381745          0.403725
  225         45000       0.000378749          0.393776
  226         45200       0.000341928          0.357255
  227         45400       0.000342317          0.353091
  228         45600        0.00036186          0.356635
  229         45800       0.000353359          0.352015
  230         46000       0.000366735          0.367852
  231         46200       0.000244975          0.769552
  232         46400       0.000244626          0.500575
  233         46600       0.000266806          0.281839
  234         46800       0.000287909          0.299451
  235         47000       0.000286023          0.302139
  236         47200       0.000329409           0.38587
  237         47400        0.00032966          0.354084
  238         47600        0.00035317          0.373588
  239         47800       0.000347799          0.362247
  240         48000       0.000329486          0.321724

                              Average            Average
Generation   Func-count    Pareto distance    Pareto spread
  241         48200       0.000312743          0.330825
  242         48400       0.000304368          0.326918
  243         48600        0.00030073          0.327905
  244         48800       0.000289459          0.310904
  245         49000       0.000292406          0.318829
  246         49200       0.000300467          0.327618
  247         49400       0.000285646          0.314067
  248         49600       0.000290601          0.307402
  249         49800       0.000306507          0.294299
  250         50000       0.000304556          0.312252
  251         50200       0.000307079          0.319835
  252         50400       0.000265523          0.617483
  253         50600       0.000237398          0.235744
  254         50800       0.000227689          0.230069
  255         51000       0.000222579          0.236539
  256         51200       0.000223371          0.249055
  257         51400       0.000229048          0.259376
  258         51600       0.000211772          0.248241
  259         51800       0.000206411          0.233741
  260         52000       0.000207193          0.234626
  261         52200       0.000194164          0.226637
  262         52400       0.000191314          0.224743
  263         52600       0.000192698          0.228856
  264         52800       0.000181451          0.216577
  265         53000       0.000170054          0.204576
  266         53200       0.000235682          0.262782
  267         53400       0.000241517          0.277703
  268         53600       0.000246349           0.28755
  269         53800       0.000252048          0.272247
  270         54000       0.000244657          0.285576

                              Average            Average
Generation   Func-count    Pareto distance    Pareto spread
  271         54200       0.000228688          0.266935
  272         54400       0.000229217          0.267553
  273         54600       0.000282266          0.314722
  274         54800       0.000270908          0.306778
  275         55000       0.000264709          0.308982
  276         55200       0.000262939          0.307882
  277         55400        0.00025934           0.30519
  278         55600       0.000258448          0.303068
  279         55800       0.000250026           0.29117
  280         56000       0.000251242          0.294992
  281         56200       0.000240095          0.281275
  282         56400       0.000235642          0.273425
  283         56600       0.000250564          0.279375
  284         56800       0.000247527          0.285509
  285         57000       0.000247625           0.28778
  286         57200       0.000247221          0.285215
  287         57400       0.000236385          0.276646
  288         57600       0.000348424          0.395457
  289         57800       0.000340966          0.405718
  290         58000        0.00033156          0.406655
  291         58200        0.00033006          0.788382
  292         58400        0.00030216          0.359543
  293         58600        0.00030211          0.366209
  294         58800       0.000275805           0.33636
  295         59000       0.000268614          0.323718
  296         59200       0.000265955          0.316978
  297         59400       0.000266668          0.314764
  298         59600       0.000273865          0.326793
  299         59800       0.000230616          0.267721
  300         60000        0.00023296          0.275374

                              Average            Average
Generation   Func-count    Pareto distance    Pareto spread
  301         60200       0.000225546          0.267152
  302         60400       0.000221584          0.264136
  303         60600       0.000222234          0.261959
  304         60800       0.000210391          0.254612
  305         61000       0.000208464          0.250013
  306         61200       0.000228341          0.265434
  307         61400       0.000217904          0.254252
  308         61600       0.000174577          0.725378
  309         61800       0.000166283          0.216993
  310         62000        0.00017079          0.226238
  311         62200       0.000165545          0.217277
  312         62400       0.000165362            0.2212
  313         62600       0.000165042           0.22318
  314         62800       0.000184793          0.237602
  315         63000       0.000177469          0.232628
  316         63200       0.000191705          0.252636
  317         63400       0.000197739          0.258042
  318         63600         0.0011125           1.00274
  319         63800        0.00111352           1.07138
  320         64000        0.00111401            1.0747
  321         64200        0.00113025           1.05146
  322         64400        0.00114124           1.06168
  323         64600        0.00112838           1.05853
  324         64800        0.00112439           1.05615
  325         65000        0.00112439           1.06468
  326         65200        0.00112316           1.04878
  327         65400         0.0011239           1.05536
  328         65600        0.00113368           1.05888
  329         65800          0.001146           1.07121
  330         66000        0.00114671            1.0782

                              Average            Average
Generation   Func-count    Pareto distance    Pareto spread
  331         66200        0.00114601           1.02374
  332         66400        0.00117894           1.01481
  333         66600        0.00115854             1.044
  334         66800        0.00108952           0.98606
  335         67000        0.00108676           0.99111
  336         67200        0.00108526          0.991475
  337         67400        0.00108516          0.993035
  338         67600        0.00108601          0.996808
  339         67800        0.00108608          0.984968
  340         68000        0.00109512          0.972113
  341         68200        0.00109768          0.991045
  342         68400        0.00109612          0.981217
  343         68600        0.00109477          0.979791
  344         68800        0.00109446          0.975196
  345         69000        0.00107579          0.969528
  346         69200       0.000474264          0.716995
  347         69400       0.000485224          0.493814
  348         69600       0.000479385          0.490172
  349         69800       0.000292665          0.344939
  350         70000       0.000295171          0.348289
  351         70200       0.000299004          0.351214
  352         70400       0.000297239          0.342858
  353         70600       0.000295874          0.339946
  354         70800       0.000272567            0.3172
  355         71000       0.000279907          0.324387
  356         71200       0.000295695          0.637836
  357         71400       0.000296862          0.322297
  358         71600       0.000296807          0.324123
  359         71800       0.000294223          0.323557
  360         72000       0.000332637          0.360725

                              Average            Average
Generation   Func-count    Pareto distance    Pareto spread
  361         72200       0.000323558          0.358796
  362         72400       0.000315655          0.365365
  363         72600       0.000288409          0.337837
  364         72800       0.000294788          0.343766
  365         73000       0.000292128          0.343612
  366         73200       0.000300247          0.348281
  367         73400       0.000305823          0.354587
  368         73600       0.000263997          0.313978
  369         73800       0.000313324          0.378801
  370         74000       0.000311703          0.370716
  371         74200        0.00025208          0.558826
  372         74400       0.000253901          0.308413
  373         74600       0.000329906          0.706239
  374         74800         0.0003404          0.385255
  375         75000       0.000374165          0.401391
  376         75200       0.000373041          0.418657
  377         75400         0.0003878          0.437651
  378         75600       0.000365205          0.414468
  379         75800       0.000362307          0.407436
  380         76000       0.000373457           0.41296
  381         76200       0.000383652          0.405238
  382         76400       0.000351049            0.3708
  383         76600       0.000344036          0.388181
  384         76800       0.000279607           0.31752
  385         77000       0.000275659          0.308691
  386         77200       0.000290038          0.326701
  387         77400       0.000288701          0.324327
  388         77600        0.00028595          0.323035
  389         77800       0.000431232          0.831378
  390         78000       0.000424928          0.434333

                              Average            Average
Generation   Func-count    Pareto distance    Pareto spread
  391         78200       0.000419446          0.433999
  392         78400       0.000529832          0.506364
  393         78600       0.000499926            0.9764
  394         78800       0.000500361          0.508085
  395         79000       0.000512836          0.520753
  396         79200       0.000512158          0.967753
  397         79400       0.000513983          0.522973
  398         79600       0.000507001          0.499686
  399         79800       0.000499625          0.484956
  400         80000       0.000498434          0.506129
  401         80200       0.000516951           0.51504
  402         80400       0.000795783          0.862293
  403         80600       0.000780913          0.872216
  404         80800        0.00078254          0.874033
  405         81000       0.000777131          0.982197
  406         81200       0.000781121          0.886637
  407         81400        0.00078138          0.887008
  408         81600        0.00078236          0.888043
  409         81800         0.0010092          0.908572
  410         82000       0.000996398          0.925525
  411         82200       0.000824371          0.790875
  412         82400       0.000727859          0.723579
  413         82600       0.000724982          0.723339
  414         82800       0.000707972          0.708611
  415         83000       0.000711141          0.706959
  416         83200       0.000688708          0.690192
  417         83400       0.000581127          0.586478
  418         83600       0.000608575          0.595967
  419         83800       0.000614236           0.60151
  420         84000       0.000608106          0.606549

                              Average            Average
Generation   Func-count    Pareto distance    Pareto spread
  421         84200       0.000586816          0.622478
  422         84400       0.000570179           0.57289
  423         84600       0.000531641          0.560823
  424         84800        0.00052433          0.556153
  425         85000       0.000570864          0.564616
  426         85200       0.000549386          0.551998
  427         85400       0.000539268          0.569942
  428         85600         0.0005362          0.559508
  429         85800       0.000529203           0.54936
  430         86000        0.00050798          0.531725
  431         86200       0.000492933          0.507459
  432         86400       0.000535011          0.542432
  433         86600       0.000536918          0.732367
  434         86800       0.000528244           0.57548
  435         87000        0.00052939          0.544802
  436         87200       0.000513944          0.556643
  437         87400       0.000512436          0.552074
  438         87600       0.000511384          0.542718
  439         87800       0.000540408          0.538762
  440         88000       0.000549316          0.547642
  441         88200       0.000425056          0.831303
  442         88400       0.000414101          0.423663
  443         88600       0.000367776          0.376268
  444         88800       0.000291318          0.283705
  445         89000       0.000283069          0.289688
  446         89200       0.000336691          0.344564
  447         89400       0.000346951          0.326429
  448         89600       0.000358296          0.343017
  449         89800       0.000332922          0.335211
  450         90000       0.000331627          0.339382

                              Average            Average
Generation   Func-count    Pareto distance    Pareto spread
  451         90200       0.000335091          0.346026
  452         90400       0.000331545          0.353409
  453         90600       0.000282448          0.317464
  454         90800       0.000443891          0.453226
  455         91000       0.000429955          0.431916
  456         91200       0.000450293          0.482008
  457         91400       0.000427782          0.479826
  458         91600       0.000436458          0.474387
  459         91800       0.000433105          0.477874
  460         92000       0.000428729          0.482096
  461         92200       0.000431411           0.48602
  462         92400       0.000422055           0.44817
  463         92600       0.000429328          0.448769
  464         92800       0.000431729          0.444116
  465         93000       0.000442326          0.447678
  466         93200       0.000431889          0.465413
  467         93400       0.000477137          0.466711
  468         93600       0.000476542          0.481929
  469         93800       0.000456041          0.483879
  470         94000       0.000449832          0.508907
  471         94200       0.000439602          0.499494
  472         94400       0.000458293          0.519899
  473         94600       0.000463373          0.524226
  474         94800        0.00048184           0.47297
  475         95000       0.000453423          0.422445
  476         95200       0.000459968          0.436196
  477         95400       0.000516875          0.455765
  478         95600       0.000509223          0.440545
  479         95800       0.000495233          0.370767
  480         96000       0.000496174          0.387982

                              Average            Average
Generation   Func-count    Pareto distance    Pareto spread
  481         96200       0.000511785          0.400188
  482         96400       0.000502129          0.426054
  483         96600       0.000488199          0.422357
  484         96800       0.000424514          0.395512
  485         97000       0.000397839          0.769805
  486         97200       0.000396941          0.417139
  487         97400       0.000375036          0.429308
  488         97600       0.000357759          0.416245
  489         97800       0.000342672          0.430844
  490         98000       0.000338424          0.431854
  491         98200       0.000319714          0.409839
  492         98400       0.000317839          0.407587
  493         98600       0.000355687          0.461837
  494         98800       0.000352754          0.453599
  495         99000       0.000350358          0.453758
  496         99200       0.000322847          0.421848
  497         99400       0.000352414          0.727782
  498         99600       0.000380429           0.45722
  499         99800       0.000370356          0.441516
  500        100000       0.000368451          0.443695
  501        100200       0.000365567          0.438965
  502        100400        0.00036176          0.433139
  503        100600       0.000346855          0.732678
  504        100800       0.000346438          0.434682
  505        101000       0.000345579          0.432791
  506        101200       0.000368146          0.458597
  507        101400       0.000475783          0.596944
  508        101600       0.000474233          0.601639
  509        101800       0.000477163          0.597832
  510        102000        0.00045702          0.571649

                              Average            Average
Generation   Func-count    Pareto distance    Pareto spread
  511        102200        0.00041047          0.501954
  512        102400       0.000529052          0.644935
  513        102600       0.000470056          0.593347
  514        102800       0.000465422          0.590529
  515        103000       0.000463719          0.581181
  516        103200       0.000379426          0.489834
  517        103400       0.000380334          0.504611
  518        103600       0.000380245          0.478757
  519        103800       0.000432973          0.552446
  520        104000       0.000325094          0.426236
  521        104200       0.000313281          0.402501
  522        104400       0.000303501          0.387002
  523        104600       0.000269139          0.347308
  524        104800       0.000272654          0.357984
  525        105000        0.00033275          0.739289
  526        105200       0.000400908          0.467808
  527        105400       0.000347028          0.410132
  528        105600       0.000315651           0.71977
  529        105800        0.00031989          0.395273
  530        106000       0.000275955          0.360234
  531        106200       0.000270957          0.348359
  532        106400       0.000497603          0.908249
  533        106600       0.000498135          0.568305
  534        106800       0.000495942          0.571401
  535        107000       0.000493164          0.552399
  536        107200       0.000489117          0.567299
  537        107400       0.000486253          0.551141
  538        107600       0.000487051          0.559039
  539        107800       0.000492287          0.559988
  540        108000        0.00048238          0.547463

                              Average            Average
Generation   Func-count    Pareto distance    Pareto spread
  541        108200       0.000482269          0.547727
  542        108400       0.000471011          0.545186
  543        108600       0.000470904          0.537467
  544        108800       0.000468038          0.538867
  545        109000       0.000452327          0.511149
  546        109200       0.000459192            0.5388
  547        109400       0.000451421          0.510137
  548        109600       0.000447297          0.504369
  549        109800       0.000450011          0.516566
  550        110000       0.000476703          0.546365
  551        110200       0.000477225          0.538381
  552        110400       0.000434354          0.746711
  553        110600        0.00043751          0.486164
  554        110800       0.000447041          0.816023
  555        111000       0.000408102          0.431099
  556        111200       0.000388256          0.408275
  557        111400       0.000381149          0.412833
  558        111600       0.000381233          0.419426
  559        111800       0.000294192          0.827814
  560        112000       0.000359693          0.418857
  561        112200       0.000311934          0.633909
  562        112400       0.000268179          0.307833
  563        112600       0.000260475          0.310182
  564        112800       0.000223011          0.277369
  565        113000       0.000198686          0.390469
  566        113200       0.000118423          0.156201
  567        113400       9.40832e-05          0.122809
  568        113600       9.60845e-05           0.13274
  569        113800       0.000116279          0.149447
  570        114000       0.000108795          0.149312

                              Average            Average
Generation   Func-count    Pareto distance    Pareto spread
  571        114200       8.79772e-05          0.122819
  572        114400       0.000110629          0.155862
  573        114600       0.000109703          0.152818
  574        114800       0.000100206          0.135207
  575        115000       9.08172e-05          0.123122
  576        115200       9.41016e-05          0.136202
  577        115400       6.37811e-05         0.0904164
  578        115600       8.64131e-05          0.117669
  579        115800       0.000144483          0.175335
  580        116000        0.00014103          0.287726
  581        116200       0.000154107          0.181463
  582        116400        0.00013807          0.171613
  583        116600       0.000130133          0.159396
  584        116800       0.000162572          0.306824
  585        117000       0.000149516          0.189773
  586        117200       0.000116152          0.620984
  587        117400       0.000156117          0.697298
  588        117600       0.000149472          0.201305
  589        117800        0.00017057          0.215508
  590        118000       0.000164177          0.221141
  591        118200        0.00016952          0.217316
  592        118400       0.000215123          0.253863
  593        118600        0.00017041           0.22303
  594        118800       0.000209194          0.259628
  595        119000       0.000323858          0.363755
  596        119200       0.000300506          0.348797
  597        119400       0.000294133          0.714656
  598        119600       0.000310857          0.564493
  599        119800       0.000436648          0.478267
  600        120000       0.000304161          0.580199

                              Average            Average
Generation   Func-count    Pareto distance    Pareto spread
  601        120200       0.000246359           0.27352
  602        120400       0.000205896          0.246697
  603        120600       0.000196577          0.232433
  604        120800       0.000167048          0.210806
  605        121000        0.00013648          0.499886
  606        121200       0.000143797          0.174533
  607        121400       0.000166377          0.253475
  608        121600       0.000121856          0.155325
  609        121800       0.000127072           0.15796
  610        122000        0.00012583          0.161905
  611        122200       0.000125834          0.696341
  612        122400        0.00021605          0.271128
  613        122600       0.000449502          0.897232
  614        122800         0.0004626          0.513833
  615        123000       0.000296502          0.336547
  616        123200       0.000513622          0.879075
  617        123400       0.000177523          0.867546
  618        123600       0.000199927          0.243691
  619        123800       0.000199372          0.229569
  620        124000       0.000191748          0.212398
  621        124200       0.000202919          0.218947
  622        124400       0.000467567          0.847457
  623        124600       0.000365602           0.37315
  624        124800       0.000353694          0.362089
  625        125000       0.000281947          0.326901
  626        125200       0.000416027          0.427189
  627        125400       0.000358011          0.395808
  628        125600        0.00035676          0.407977
  629        125800       0.000338839          0.369809
  630        126000       0.000345532          0.392536

                              Average            Average
Generation   Func-count    Pareto distance    Pareto spread
  631        126200       0.000387184          0.458931
  632        126400        0.00038563           0.41808
  633        126600       0.000383115          0.401813
  634        126800       0.000126995          0.745687
  635        127000       0.000129805          0.175128
  636        127200       0.000155285          0.305396
  637        127400       0.000136424           0.17244
  638        127600       0.000178415          0.636184
  639        127800       0.000164371           0.20051
  640        128000       0.000156015          0.190107
  641        128200       0.000146522          0.191072
  642        128400       0.000146329          0.188472
  643        128600       0.000150514          0.186769
  644        128800       0.000151077          0.182306
  645        129000       0.000190374          0.647545
  646        129200       0.000166204           0.19317
  647        129400        0.00018131          0.210424
Optimization terminated: time limit exceeded.