Single objective optimization:
17 Variable(s)

Options:
CreationFcn:       @gacreationuniform
CrossoverFcn:      @crossoverscattered
SelectionFcn:      @selectionstochunif
MutationFcn:       @mutationadaptfeasible

                                  Best           Mean      Stall
Generation      Func-count        f(x)           f(x)    Generations
    1              400            2.57           18.42        0
    2              590            2.57           26.82        1
    3              780            2.57           33.55        0
    4              970            2.57           32.09        1
    5             1160            2.57           27.04        2
    6             1350            2.57           25.15        3
    7             1540            2.57           13.43        4
    8             1730            2.57            13.6        5
    9             1920            2.57           11.29        6
   10             2110            2.57           9.112        7
   11             2300            2.57           5.324        8
   12             2490            2.57           4.475        9
   13             2680            2.57           3.652        0
   14             2870            2.57            3.44        0
   15             3060            2.57           3.383        1
   16             3250            2.57           3.294        0
   17             3440            2.57           3.098        0
   18             3630            2.57           3.925        1
   19             3820            2.57           3.516        0
   20             4010            2.57           3.932        1
   21             4200            2.57           3.636        0
   22             4390            2.57           4.294        1
   23             4580            2.57           3.852        2
   24             4770            2.57           3.672        3
   25             4960            2.57           3.142        4
   26             5150            2.57           2.964        0
   27             5340            2.57           2.715        1
   28             5530            2.57           2.639        0
   29             5720            2.57           2.639        0
   30             5910            2.57           2.717        1

                                  Best           Mean      Stall
Generation      Func-count        f(x)           f(x)    Generations
   31             6100           2.569           2.686        0
   32             6290           2.569           2.816        1
   33             6480           2.569           2.716        2
   34             6670           2.569           2.683        3
   35             6860           2.569           2.643        4
   36             7050           2.569           2.605        0
   37             7240           2.569           2.591        0
   38             7430           2.569           2.615        0
   39             7620           2.569           2.624        0
   40             7810           2.569           2.831        0
   41             8000           2.569           3.258        1
   42             8190           2.569           2.979        2
   43             8380           2.569           2.828        0
   44             8570           2.569           2.949        0
   45             8760           2.569           3.086        1
   46             8950           2.569           3.016        2
   47             9140           2.569           2.883        0
   48             9330           2.568           2.903        0
   49             9520           2.568           3.293        0
   50             9710           2.568           4.021        0
   51             9900           2.568           6.903        0
   52            10090           2.568           6.621        0
   53            10280           2.568           11.53        0
   54            10470           2.568           13.37        1
   55            10660           2.568           11.39        2
   56            10850           2.568           11.25        0
   57            11040           2.568           11.49        1
   58            11230           2.568           10.53        0
   59            11420           2.568           13.94        1
   60            11610           2.568            12.5        2

                                  Best           Mean      Stall
Generation      Func-count        f(x)           f(x)    Generations
   61            11800           2.568           7.565        3
   62            11990           2.568           6.144        4
   63            12180           2.568           4.514        5
   64            12370           2.568           3.935        0
   65            12560           2.568            3.56        0
   66            12750           2.568           4.104        0
   67            12940           2.568           5.458        1
   68            13130           2.568           5.741        2
   69            13320           2.568           5.212        3
   70            13510           2.568           3.824        4
   71            13700           2.568           3.166        5
   72            13890           2.568           2.948        0
   73            14080           2.568           2.703        1
   74            14270           2.568           2.664        2
   75            14460           2.568           2.646        0
   76            14650           2.568           2.626        0
   77            14840           2.568           2.675        1
   78            15030           2.568           2.636        2
   79            15220           2.568           2.624        3
   80            15410           2.568           2.601        4
   81            15600           2.568           2.581        0
   82            15790           2.568           2.581        0
   83            15980           2.568           2.578        0
   84            16170           2.568           2.604        1
   85            16360           2.567           2.599        0
   86            16550           2.567           2.594        0
   87            16740           2.567           2.678        0
   88            16930           2.567           2.862        0
   89            17120           2.567           2.993        0
   90            17310           2.567           3.526        0

                                  Best           Mean      Stall
Generation      Func-count        f(x)           f(x)    Generations
   91            17500           2.567           5.483        1
   92            17690           2.567           5.425        2
   93            17880           2.567           4.125        3
   94            18070           2.567           3.572        4
   95            18260           2.567           2.983        5
   96            18450           2.567           2.856        6
   97            18640           2.567           2.841        0
   98            18830           2.567           2.628        0
   99            19020           2.567           2.637        1
  100            19210           2.567           2.627        2
  101            19400           2.567           2.606        3
  102            19590           2.567           2.582        0
  103            19780           2.567           2.582        0
  104            19970           2.567           2.588        1
  105            20160           2.567           2.583        0
  106            20350           2.567           2.589        1
  107            20540           2.567            2.58        0
  108            20730           2.567           2.583        1
  109            20920           2.567           2.581        0
  110            21110           2.567           2.588        0
  111            21300           2.566           2.613        0
  112            21490           2.566           2.742        0
  113            21680           2.566           2.953        1
  114            21870           2.566           2.813        0
  115            22060           2.565           3.131        0
  116            22250           2.565           4.093        1
  117            22440           2.565           4.007        2
  118            22630           2.565           3.618        0
  119            22820           2.565           3.435        0
  120            23010           2.565           3.885        0

                                  Best           Mean      Stall
Generation      Func-count        f(x)           f(x)    Generations
  121            23200           2.565           7.186        0
  122            23390           2.565           9.213        1
  123            23580           2.564           7.146        0
  124            23770           2.564           10.68        1
  125            23960           2.564           10.09        2
  126            24150           2.564           6.146        0
  127            24340           2.564            9.06        0
  128            24530           2.564           8.413        0
  129            24720           2.564           9.618        0
  130            24910           2.564           13.37        0
  131            25100           2.564           14.77        1
  132            25290           2.564           15.19        2
  133            25480           2.564           14.44        3
  134            25670           2.564           15.63        4
  135            25860           2.564           10.96        5
  136            26050           2.564           7.736        6
  137            26240           2.564           5.051        7
  138            26430           2.564           4.178        8
  139            26620           2.564           3.615        9
  140            26810           2.564           3.084        0
  141            27000           2.564           2.778        0
  142            27190           2.564           2.814        1
  143            27380           2.564            2.79        2
  144            27570           2.564           2.741        0
  145            27760           2.564           2.685        0
  146            27950           2.564            2.84        1
  147            28140           2.564           2.698        2
  148            28330           2.563           2.654        0
  149            28520           2.563           2.684        0
  150            28710           2.563           2.875        0

                                  Best           Mean      Stall
Generation      Func-count        f(x)           f(x)    Generations
  151            28900           2.563               3        1
  152            29090           2.563           3.008        0
  153            29280           2.563           3.031        1
  154            29470           2.563            2.92        2
  155            29660           2.563           2.824        0
  156            29850           2.563           2.963        1
  157            30040           2.563           2.821        2
  158            30230           2.563            2.73        0
  159            30420           2.563           2.809        0
  160            30610           2.563           2.831        0
  161            30800           2.562           3.058        0
  162            30990           2.562           3.707        0
  163            31180           2.562           4.582        0
  164            31370           2.562           7.473        1
  165            31560           2.562            6.63        2
  166            31750           2.562           5.244        0
  167            31940           2.562           6.049        1
  168            32130           2.562           5.547        0
  169            32320           2.562           8.253        0
  170            32510           2.562           9.794        1
  171            32700           2.562           8.859        2
  172            32890           2.562           7.405        3
  173            33080           2.562           5.537        4
  174            33270           2.562           4.143        5
  175            33460           2.562           3.435        0
  176            33650           2.562           3.259        1
  177            33840           2.562           3.142        2
  178            34030           2.562           2.762        0
  179            34220           2.562           2.725        1
  180            34410           2.562           2.614        0

                                  Best           Mean      Stall
Generation      Func-count        f(x)           f(x)    Generations
  181            34600           2.562           2.612        0
  182            34790           2.562           2.758        1
  183            34980           2.562           2.766        0
  184            35170           2.562           2.717        1
  185            35360           2.562           2.709        2
  186            35550           2.561           2.692        0
  187            35740           2.561           2.687        0
  188            35930           2.561           2.779        0
  189            36120           2.561           2.898        0
  190            36310           2.561           3.757        0
  191            36500           2.561           5.989        1
  192            36690           2.561           4.625        2
  193            36880           2.561           3.708        3
  194            37070           2.561           3.371        4
  195            37260           2.561           3.052        5
  196            37450           2.561           2.942        0
  197            37640           2.561           2.815        1
  198            37830           2.561           2.751        0
  199            38020           2.561            2.71        1
  200            38210           2.561           2.662        0
  201            38400           2.561           2.664        1
  202            38590           2.561           2.613        2
  203            38780           2.561           2.603        3
  204            38970           2.561           2.596        0
  205            39160           2.561           2.587        0
  206            39350           2.561           2.596        1
  207            39540           2.561           2.579        0
  208            39730           2.561           2.586        1
  209            39920           2.561           2.578        0
  210            40110           2.561           2.594        0

                                  Best           Mean      Stall
Generation      Func-count        f(x)           f(x)    Generations
  211            40300           2.561           2.656        1
  212            40490           2.561           2.608        2
  213            40680           2.561           2.583        0
  214            40870           2.561           2.597        0
  215            41060           2.561           2.661        1
  216            41250           2.561           2.624        0
  217            41440           2.561           2.649        0
  218            41630           2.561           2.733        0
  219            41820           2.561           3.035        1
  220            42010           2.561           3.142        2
  221            42200           2.561           2.859        0
  222            42390            2.56           2.952        0
  223            42580            2.56           3.182        1
  224            42770            2.56           3.066        0
  225            42960            2.56           3.378        0
  226            43150            2.56           3.696        1
  227            43340            2.56           3.591        0
  228            43530            2.56           3.741        1
  229            43720            2.56           3.271        2
  230            43910            2.56           3.099        3
  231            44100            2.56           2.803        4
  232            44290            2.56           2.708        5
  233            44480            2.56           2.607        0
  234            44670            2.56           2.619        1
  235            44860            2.56           2.598        0
  236            45050            2.56           2.609        0
  237            45240            2.56           2.654        1
  238            45430            2.56           2.632        0
  239            45620            2.56           2.665        0
  240            45810            2.56           2.767        0

                                  Best           Mean      Stall
Generation      Func-count        f(x)           f(x)    Generations
  241            46000            2.56           3.082        1
  242            46190            2.56           2.876        0
  243            46380            2.56           3.058        0
  244            46570            2.56            3.67        0
  245            46760            2.56           5.985        1
  246            46950            2.56           5.774        2
  247            47140            2.56           5.093        0
  248            47330            2.56            4.16        0
  249            47520            2.56           5.093        0
  250            47710            2.56           9.715        1
  251            47900            2.56           9.505        2
  252            48090            2.56            8.71        0
  253            48280            2.56           8.505        1
  254            48470            2.56           7.154        2
  255            48660            2.56           5.371        3
  256            48850            2.56           3.336        4
  257            49040            2.56           3.004        5
  258            49230            2.56           2.866        6
  259            49420            2.56           2.716        0
  260            49610            2.56           2.662        0
  261            49800            2.56           2.687        1
  262            49990            2.56           2.636        0
  263            50180           2.559           2.702        0
  264            50370           2.559           2.759        0
  265            50560           2.559           3.253        1
  266            50750           2.559            3.16        0
  267            50940           2.559           3.535        1
  268            51130           2.559           3.321        0
  269            51320           2.559            3.58        0
  270            51510           2.559           3.915        0

                                  Best           Mean      Stall
Generation      Func-count        f(x)           f(x)    Generations
  271            51700           2.559           5.844        1
  272            51890           2.559           4.629        2
  273            52080           2.559           5.085        0
  274            52270           2.559           5.546        0
  275            52460           2.559           5.388        1
  276            52650           2.559           4.824        2
  277            52840           2.559           4.048        3
  278            53030           2.559           3.627        4
  279            53220           2.559           3.349        5
  280            53410           2.559           3.189        0
  281            53600           2.559           2.969        1
  282            53790           2.559             2.9        2
  283            53980           2.559           2.695        0
  284            54170           2.559           2.592        0
  285            54360           2.559           2.655        0
  286            54550           2.559           2.718        0
  287            54740           2.559           2.854        0
  288            54930           2.559           3.475        1
  289            55120           2.559           3.444        0
  290            55310           2.559           3.906        1
  291            55500           2.559           3.787        2
  292            55690           2.559           3.197        3
  293            55880           2.559           2.731        0
  294            56070           2.559           2.854        1
  295            56260           2.559           2.837        2
  296            56450           2.559           2.712        0
  297            56640           2.559           2.713        0
  298            56830           2.559           2.877        1
  299            57020           2.559           2.764        2
  300            57210           2.559           2.687        3

                                  Best           Mean      Stall
Generation      Func-count        f(x)           f(x)    Generations
  301            57400           2.559           2.636        0
  302            57590           2.559           2.609        0
  303            57780           2.559           2.629        1
  304            57970           2.559           2.628        0
  305            58160           2.559           2.634        0
  306            58350           2.559           2.815        1
  307            58540           2.559           2.741        2
  308            58730           2.559           2.721        0
  309            58920           2.559           2.713        0
  310            59110           2.559           2.901        0
  311            59300           2.559           3.346        0
  312            59490           2.559           4.204        0
  313            59680           2.559           5.863        1
  314            59870           2.559           4.788        2
  315            60060           2.559           4.123        3
  316            60250           2.559           3.357        4
  317            60440           2.559           3.154        5
  318            60630           2.558           2.857        0
  319            60820           2.558           2.712        1
  320            61010           2.558           2.686        0
  321            61200           2.558           2.646        0
  322            61390           2.558           2.767        1
  323            61580           2.558           2.747        2
  324            61770           2.558           2.752        0
  325            61960           2.558           2.678        0
  326            62150           2.558           2.769        1
  327            62340           2.558           2.758        2
  328            62530           2.558           2.683        0
  329            62720           2.558           2.684        1
  330            62910           2.558           2.602        0

                                  Best           Mean      Stall
Generation      Func-count        f(x)           f(x)    Generations
  331            63100           2.558           2.619        0
  332            63290           2.558           2.848        1
  333            63480           2.558           2.712        2
  334            63670           2.558           2.657        0
  335            63860           2.557           2.674        0
  336            64050           2.557           2.747        0
  337            64240           2.557           3.228        1
  338            64430           2.557           3.247        0
  339            64620           2.557           3.163        1
  340            64810           2.557           3.103        0
  341            65000           2.557           3.409        1
  342            65190           2.557           3.293        0
  343            65380           2.557           3.382        1
  344            65570           2.557           2.885        0
  345            65760           2.557           3.059        1
  346            65950           2.557           3.045        2
  347            66140           2.556           2.963        0
  348            66330           2.556           2.837        0
  349            66520           2.556           3.018        0
  350            66710           2.556           3.961        0
  351            66900           2.556           5.028        1
  352            67090           2.556           4.355        2
  353            67280           2.556           3.993        3
  354            67470           2.556           3.437        0
  355            67660           2.556           3.173        1
  356            67850           2.556           3.036        2
  357            68040           2.556           2.946        3
  358            68230           2.556           2.785        0
  359            68420           2.556           2.776        0
  360            68610           2.556           2.858        1

                                  Best           Mean      Stall
Generation      Func-count        f(x)           f(x)    Generations
  361            68800           2.556           2.844        0
  362            68990           2.556           2.986        1
  363            69180           2.556           2.888        2
  364            69370           2.556            2.69        0
  365            69560           2.556            2.67        0
  366            69750           2.556           2.761        0
  367            69940           2.556           3.106        0
  368            70130           2.556           4.234        0
  369            70320           2.556           8.712        1
  370            70510           2.556           5.128        2
  371            70700           2.556           4.357        0
  372            70890           2.556           4.465        1
  373            71080           2.556           3.727        0
  374            71270           2.556           4.094        1
  375            71460           2.556           3.891        0
  376            71650           2.556           4.885        1
  377            71840           2.556           4.079        2
  378            72030           2.556           3.321        3
  379            72220           2.556           2.944        4
  380            72410           2.556            2.88        0
  381            72600           2.556           2.765        1
  382            72790           2.555           2.627        0
  383            72980           2.555           2.624        1
  384            73170           2.555           2.594        0
  385            73360           2.555           2.633        0
  386            73550           2.555           2.764        0
  387            73740           2.555           2.961        1
  388            73930           2.555           2.903        0
  389            74120           2.555           3.206        1
  390            74310           2.555           3.094        2

                                  Best           Mean      Stall
Generation      Func-count        f(x)           f(x)    Generations
  391            74500           2.554           2.828        0
  392            74690           2.554           2.926        0
  393            74880           2.554           3.138        0
  394            75070           2.554           4.036        1
  395            75260           2.554           3.767        2
  396            75450           2.554           3.289        3
  397            75640           2.554           3.016        0
  398            75830           2.554            2.87        1
  399            76020           2.554           2.711        0
  400            76210           2.554           2.776        0
  401            76400           2.554           3.327        1
  402            76590           2.554           3.224        2
  403            76780           2.554            3.03        0
  404            76970           2.554           2.853        1
  405            77160           2.554           2.804        0
  406            77350           2.554           2.969        1
  407            77540           2.554           2.854        0
  408            77730           2.554            2.87        0
  409            77920           2.554           3.193        1
  410            78110           2.554           3.079        2
  411            78300           2.554           2.798        0
  412            78490           2.554           2.853        0
  413            78680           2.554           3.081        0
  414            78870           2.554           3.695        1
  415            79060           2.554            3.45        2
  416            79250           2.554           3.155        3
  417            79440           2.554           2.789        4
  418            79630           2.554           2.719        0
  419            79820           2.554             2.7        1
  420            80010           2.554           2.687        0

                                  Best           Mean      Stall
Generation      Func-count        f(x)           f(x)    Generations
  421            80200           2.554           2.669        0
  422            80390           2.554           3.007        0
  423            80580           2.553           3.151        0
  424            80770           2.553           3.798        0
  425            80960           2.553           5.662        1
  426            81150           2.553           5.322        2
  427            81340           2.553           4.833        3
  428            81530           2.553           4.417        0
  429            81720           2.553           3.785        1
  430            81910           2.553           3.351        2
  431            82100           2.553           3.102        3
  432            82290           2.553           2.921        0
  433            82480           2.553            2.68        1
  434            82670           2.553           2.622        2
  435            82860           2.553           2.595        0
  436            83050           2.553           2.596        0
  437            83240           2.553           2.639        0
  438            83430           2.553           2.744        0
  439            83620           2.553           2.935        0
  440            83810           2.553           3.777        0
  441            84000           2.553           5.205        0
  442            84190           2.553           8.259        1
  443            84380           2.553           8.935        0
  444            84570           2.553           10.08        0
  445            84760           2.553           10.89        1
  446            84950           2.553           9.951        0
  447            85140           2.553           10.36        0
  448            85330           2.553           18.15        1
  449            85520           2.553            20.4        2
  450            85710           2.553            13.6        3

                                  Best           Mean      Stall
Generation      Func-count        f(x)           f(x)    Generations
  451            85900           2.553           10.34        4
  452            86090           2.553           7.216        5
  453            86280           2.553             6.4        6
  454            86470           2.553           4.061        7
  455            86660           2.553           3.238        8
  456            86850           2.553           2.756        0
  457            87040           2.553           2.746        1
  458            87230           2.553           2.666        2
  459            87420           2.553           2.589        0
  460            87610           2.553           2.592        0
  461            87800           2.552           2.668        0
  462            87990           2.552           2.811        0
  463            88180           2.552           3.203        0
  464            88370           2.552           4.159        1
  465            88560           2.552           3.842        0
  466            88750           2.552           4.377        1
  467            88940           2.552           3.871        2
  468            89130           2.552           3.094        0
  469            89320           2.552           3.073        0
  470            89510           2.552           4.174        1
  471            89700           2.552           3.644        2
  472            89890           2.552           3.299        3
  473            90080           2.552           3.286        4
  474            90270           2.552           2.905        0
  475            90460           2.552           2.875        1
  476            90650           2.552           2.764        2
  477            90840           2.552           2.661        0
  478            91030           2.552            2.67        0
  479            91220           2.552           2.634        0
  480            91410           2.552           2.765        0

                                  Best           Mean      Stall
Generation      Func-count        f(x)           f(x)    Generations
  481            91600           2.552           3.161        0
  482            91790           2.552           3.755        0
  483            91980           2.552           5.542        0
  484            92170           2.552           7.788        0
  485            92360           2.552           11.18        0
  486            92550           2.552           9.112        0
  487            92740           2.552            15.1        0
  488            92930           2.552           27.42        0
  489            93120           2.552           28.39        0
  490            93310           2.552           27.47        1
  491            93500           2.552            27.6        2
  492            93690           2.552           23.83        3
  493            93880           2.552           20.39        0
  494            94070           2.552           18.04        1
  495            94260           2.552           16.79        2
  496            94450           2.552           14.24        0
  497            94640           2.552           17.73        1
  498            94830           2.552           16.91        2
  499            95020           2.552           8.978        0
  500            95210           2.552            8.23        1
  501            95400           2.552           9.578        2
  502            95590           2.552           7.565        3
  503            95780           2.552           5.704        0
  504            95970           2.552           6.087        0
  505            96160           2.552           5.601        1
  506            96350           2.552           5.638        2
  507            96540           2.552           4.822        3
  508            96730           2.552           3.758        4
  509            96920           2.552           3.482        5
  510            97110           2.552           3.223        0

                                  Best           Mean      Stall
Generation      Func-count        f(x)           f(x)    Generations
  511            97300           2.552           3.036        1
  512            97490           2.552           2.872        2
  513            97680           2.552           2.685        0
  514            97870           2.552           2.603        0
  515            98060           2.552           2.661        0
  516            98250           2.552            2.76        0
  517            98440           2.552           3.124        1
  518            98630           2.552           2.969        2
  519            98820           2.552           2.826        0
  520            99010           2.552           2.745        1
  521            99200           2.552           2.659        2
  522            99390           2.552           2.627        3
  523            99580           2.552           2.608        0
  524            99770           2.551            2.59        0
  525            99960           2.551           2.614        1
  526           100150           2.551           2.594        0
  527           100340           2.551           2.607        1
  528           100530           2.551           2.576        2
  529           100720           2.551           2.571        0
  530           100910           2.551           2.579        0
  531           101100           2.551            2.63        0
  532           101290           2.551           2.804        0
  533           101480           2.551           3.399        1
  534           101670           2.551           3.152        2
  535           101860           2.551           2.969        3
  536           102050           2.551           2.794        0
  537           102240           2.551           2.698        0
  538           102430           2.551           2.803        0
  539           102620           2.551           2.949        0
  540           102810           2.551            3.43        0

                                  Best           Mean      Stall
Generation      Func-count        f(x)           f(x)    Generations
  541           103000           2.551           6.396        0
  542           103190           2.551           9.537        0
  543           103380           2.551           14.06        0
  544           103570           2.551           18.76        1
  545           103760           2.551           19.05        0
  546           103950           2.551           21.48        1
  547           104140           2.551           17.25        2
  548           104330           2.551           13.95        3
  549           104520           2.551           10.16        4
  550           104710           2.551            7.83        5
  551           104900           2.551           4.569        6
  552           105090           2.551           3.908        7
  553           105280           2.551           3.672        8
  554           105470           2.551           3.282        9
  555           105660           2.551           2.986       10
  556           105850           2.551           2.778        0
  557           106040           2.551           2.578        1
  558           106230           2.551           2.564        0
  559           106420           2.551           2.565        0
  560           106610           2.551           2.585        1
  561           106800           2.551           2.575        0
  562           106990           2.551           2.579        0
  563           107180           2.551           2.612        0
  564           107370           2.551           2.702        0
  565           107560            2.55           2.924        0
  566           107750            2.55           3.608        0
  567           107940            2.55            6.97        0
  568           108130            2.55           10.52        1
  569           108320            2.55           10.78        0
  570           108510            2.55           13.32        0

                                  Best           Mean      Stall
Generation      Func-count        f(x)           f(x)    Generations
  571           108700            2.55           13.88        0
  572           108890            2.55           13.02        0
  573           109080            2.55           19.35        0
  574           109270            2.55           20.13        0
  575           109460            2.55           29.81        0
  576           109650            2.55           26.98        0
  577           109840            2.55           33.55        0
  578           110030            2.55           32.44        0
  579           110220            2.55            33.3        0
  580           110410            2.55           30.12        1
  581           110600            2.55           29.16        2
  582           110790            2.55           25.48        3
  583           110980            2.55           20.69        4
  584           111170            2.55           16.31        5
  585           111360            2.55           10.74        6
  586           111550            2.55           6.774        7
  587           111740            2.55           5.867        8
  588           111930            2.55           5.208        9
  589           112120            2.55           4.927        0
  590           112310            2.55           4.661        1
  591           112500            2.55           4.316        2
  592           112690            2.55           2.956        0
  593           112880            2.55           2.973        1
  594           113070            2.55           2.832        0
  595           113260            2.55           2.853        0
  596           113450            2.55            3.02        0
  597           113640            2.55            3.24        0
  598           113830            2.55           4.063        1
  599           114020            2.55           3.785        0
  600           114210            2.55           4.432        0

                                  Best           Mean      Stall
Generation      Func-count        f(x)           f(x)    Generations
  601           114400            2.55           5.728        1
  602           114590            2.55           4.979        2
  603           114780            2.55           3.888        3
  604           114970            2.55            3.34        0
  605           115160            2.55           3.324        0
  606           115350            2.55            4.65        1
  607           115540            2.55           4.279        0
  608           115730            2.55           4.793        1
  609           115920            2.55           4.208        0
  610           116110            2.55           4.842        0
  611           116300            2.55           5.849        1
  612           116490            2.55           5.148        2
  613           116680            2.55           4.625        3
  614           116870            2.55           3.946        4
  615           117060            2.55           3.715        5
  616           117250            2.55           3.038        0
  617           117440            2.55           3.008        1
  618           117630            2.55           2.925        2
  619           117820            2.55           2.677        0
  620           118010           2.549           2.688        0
  621           118200           2.549           2.627        0
  622           118390           2.549           2.693        0
  623           118580           2.549            2.89        0
  624           118770           2.549            3.74        1
  625           118960           2.549            3.31        0
  626           119150           2.549           4.271        1
  627           119340           2.549           3.791        2
  628           119530           2.549           3.263        3
  629           119720           2.549           3.043        4
  630           119910           2.549           2.832        5

                                  Best           Mean      Stall
Generation      Func-count        f(x)           f(x)    Generations
  631           120100           2.549           2.703        0
  632           120290           2.549           2.702        0
  633           120480           2.549           2.704        0
  634           120670           2.549           2.753        1
  635           120860           2.549           2.738        0
  636           121050           2.549           2.772        0
  637           121240           2.549           2.987        0
  638           121430           2.548           4.259        0
  639           121620           2.548           5.865        0
  640           121810           2.548           8.088        0
  641           122000           2.548           9.437        1
  642           122190           2.548            9.34        2
  643           122380           2.548           10.59        3
  644           122570           2.548           7.636        4
  645           122760           2.548           6.688        5
  646           122950           2.548           5.479        6
  647           123140           2.548           3.189        7
  648           123330           2.548           2.931        8
  649           123520           2.548           2.852        0
  650           123710           2.548           2.626        0
  651           123900           2.548           2.646        1
  652           124090           2.548           2.602        0
  653           124280           2.548           2.593        0
  654           124470           2.548           2.708        0
  655           124660           2.548             3.1        0
  656           124850           2.548           3.852        0
  657           125040           2.548           5.448        0
  658           125230           2.548           8.303        1
  659           125420           2.548           7.557        2
  660           125610           2.547           5.999        0

                                  Best           Mean      Stall
Generation      Func-count        f(x)           f(x)    Generations
  661           125800           2.547           5.661        1
  662           125990           2.547           5.175        2
  663           126180           2.547           4.057        0
  664           126370           2.547           4.222        1
  665           126560           2.547            3.76        0
  666           126750           2.547           4.225        0
  667           126940           2.547            5.98        1
  668           127130           2.547           5.129        2
  669           127320           2.547           4.062        0
  670           127510           2.547           4.307        1
  671           127700           2.547           3.922        2
  672           127890           2.547           3.021        3
  673           128080           2.547             2.9        4
  674           128270           2.547           2.859        0
  675           128460           2.547           2.808        0
  676           128650           2.547           2.755        1
  677           128840           2.547           2.756        2
Optimization terminated: time limit exceeded.