Multi-objective optimization:
17 Variable(s)

Options:
CreationFcn:       @gacreationuniform
CrossoverFcn:      @crossoverintermediate
SelectionFcn:      @selectiontournament
MutationFcn:       @mutationadaptfeasible

                              Average            Average
Generation   Func-count    Pareto distance    Pareto spread
    1           200                 1                 1
    2           400          0.278614          0.971333
    3           600          0.136799          0.998362
    4           800          0.122846          0.909866
    5          1000          0.213233          0.998303
    6          1200          0.213233          0.378202
    7          1400          0.241032          0.810407
    8          1600          0.187383          0.997631
    9          1800          0.220182          0.650644
   10          2000          0.369732          0.609244
   11          2200          0.369732          0.609244
   12          2400          0.412623          0.364586
   13          2600          0.412623          0.364586
   14          2800          0.448766          0.615072
   15          3000          0.438214          0.609285
   16          3200                 0         0.0768179
   17          3400          0.438229          0.838607
   18          3600          0.438229          0.604978
   19          3800          0.435514           0.60123
   20          4000          0.435514           0.60123
   21          4200          0.382034          0.905205
   22          4400          0.382034          0.905205
   23          4600          0.335706           1.09774
   24          4800          0.318013           1.18844
   25          5000          0.410298          0.776632
   26          5200          0.073599          0.998818
   27          5400         0.0873175          0.409176
   28          5600         0.0852186          0.570861
   29          5800          0.080597           0.70904
   30          6000         0.0817613          0.464197

                              Average            Average
Generation   Func-count    Pareto distance    Pareto spread
   31          6200         0.0808583          0.400822
   32          6400           0.11906          0.465855
   33          6600          0.113562          0.679535
   34          6800         0.0949708          0.672318
   35          7000         0.0989165          0.700126
   36          7200         0.0955097          0.692098
   37          7400         0.0858702          0.851685
   38          7600         0.0830167          0.884718
   39          7800         0.0804042          0.928283
   40          8000          0.090561          0.908628
   41          8200         0.0874273          0.943022
   42          8400         0.0869694          0.938083
   43          8600         0.0787734           1.06206
   44          8800         0.0788756           1.06835
   45          9000         0.0625396           1.44777
   46          9200         0.0654082            1.3249
   47          9400         0.0717193           1.11673
   48          9600         0.0737323           1.12781
   49          9800         0.0754879            1.0825
   50         10000         0.0681734            1.2383
   51         10200         0.0715651           1.15811
   52         10400         0.0653349           1.32463
   53         10600         0.0573343           1.39688
   54         10800         0.0564425           1.37285
   55         11000         0.0539544           1.56866
   56         11200         0.0498658           1.77394
   57         11400         0.0048015          0.996109
   58         11600        0.00499621          0.735308
   59         11800        0.00495494          0.633178
   60         12000        0.00533452          0.364905

                              Average            Average
Generation   Func-count    Pareto distance    Pareto spread
   61         12200        0.00375248           0.32993
   62         12400        0.00386907          0.414098
   63         12600        0.00403439          0.366084
   64         12800        0.00459198          0.371967
   65         13000        0.00525684           0.70124
   66         13200        0.00674789           0.44271
   67         13400        0.00546463          0.414537
   68         13600        0.00364483          0.767801
   69         13800         0.0031382          0.573117
   70         14000        0.00227339            0.1576
   71         14200         0.0030416          0.628711
   72         14400        0.00270877          0.206736
   73         14600        0.00272384          0.281258
   74         14800        0.00744239            0.6674
   75         15000        0.00782995          0.772793
   76         15200        0.00749915          0.519698
   77         15400        0.00660933          0.947579
   78         15600        0.00660953          0.639419
   79         15800        0.00655818          0.658854
   80         16000         0.0102222             0.936
   81         16200          0.010889          0.692315
   82         16400        0.00855109          0.638227
   83         16600        0.00881732           0.60935
   84         16800        0.00940056          0.545711
   85         17000        0.00934824          0.687614
   86         17200         0.0102015          0.533251
   87         17400         0.0100278          0.537658
   88         17600        0.00973829          0.778652
   89         17800        0.00986407          0.635088
   90         18000        0.00832317          0.533694

                              Average            Average
Generation   Func-count    Pareto distance    Pareto spread
   91         18200        0.00649833          0.883853
   92         18400          0.012862          0.979943
   93         18600         0.0132879          0.888419
   94         18800         0.0108545          0.866187
   95         19000        0.00998747          0.885455
   96         19200        0.00900546          0.997992
   97         19400        0.00818919           1.07319
   98         19600        0.00757452           1.05566
   99         19800        0.00742712           1.03512
  100         20000        0.00748973           1.04385
  101         20200        0.00760661           1.06013
  102         20400         0.0065451          0.864804
  103         20600        0.00599075          0.749985
  104         20800        0.00552178          0.413943
  105         21000        0.00355858          0.829101
  106         21200        0.00389932          0.390091
  107         21400        0.00615115          0.414703
  108         21600        0.00585891          0.433226
  109         21800        0.00730296          0.898493
  110         22000         0.0172295          0.846071
  111         22200         0.0155282          0.631489
  112         22400         0.0156005          0.634427
  113         22600         0.0117282          0.503448
  114         22800        0.00865161          0.689834
  115         23000        0.00791178          0.581706
  116         23200         0.0115158          0.440008
  117         23400         0.0115158          0.440008
  118         23600          0.010044          0.721832
  119         23800          0.010044          0.467688
  120         24000         0.0107927          0.823459

                              Average            Average
Generation   Func-count    Pareto distance    Pareto spread
  121         24200         0.0160639          0.823594
  122         24400         0.0142938          0.788377
  123         24600          0.013111          0.813696
  124         24800         0.0122818           0.95786
  125         25000          0.011744          0.876018
  126         25200         0.0126188          0.912745
  127         25400         0.0117387           1.00829
  128         25600         0.0109367           1.08359
  129         25800         0.0103328           1.15409
  130         26000        0.00967628           1.24201
  131         26200         0.0114332           1.03983
  132         26400         0.0110499           1.33008
  133         26600         0.0110833            1.3341
  134         26800        0.00922456           1.03821
  135         27000        0.00922992           1.27933
  136         27200         0.0104127           1.21722
  137         27400        0.00940804           1.27043
  138         27600        0.00929006            1.2545
  139         27800        0.00933763           1.26092
  140         28000        0.00929129           1.19182
  141         28200        0.00918797           1.17115
  142         28400        0.00900407           1.21406
  143         28600        0.00961021           1.03383
  144         28800        0.00896518           1.02434
  145         29000         0.0098403           1.12154
  146         29200        0.00995313           1.29009
  147         29400         0.0099596           1.29093
  148         29600        0.00976256           1.17603
  149         29800        0.00947915           1.24916
  150         30000        0.00947427           1.24852

                              Average            Average
Generation   Func-count    Pareto distance    Pareto spread
  151         30200        0.00967186           1.27456
  152         30400        0.00964196           1.27062
  153         30600        0.00963397            1.1478
  154         30800        0.00831398           1.06571
  155         31000        0.00857778           1.09952
  156         31200         0.0083048            1.0469
  157         31400        0.00831581           1.07181
  158         31600        0.00822788           1.06048
  159         31800        0.00818786           1.05532
  160         32000        0.00817803           1.05406
  161         32200        0.00816634           1.00331
  162         32400        0.00827401          0.986888
  163         32600        0.00847412          0.995176
  164         32800        0.00816175          0.958492
  165         33000        0.00957594          0.700482
  166         33200         0.0079469          0.636681
  167         33400        0.00839292          0.540855
  168         33600        0.00942402          0.566613
  169         33800        0.00928927          0.552087
  170         34000        0.00919273          0.727024
  171         34200         0.0160792          0.957894
  172         34400         0.0188933          0.767415
  173         34600         0.0186865          0.809614
  174         34800         0.0168269          0.865744
  175         35000         0.0163966          0.808933
  176         35200         0.0141643          0.916746
  177         35400         0.0138412          0.860286
  178         35600         0.0123279          0.944268
  179         35800         0.0125367          0.922128
  180         36000         0.0120775          0.980582

                              Average            Average
Generation   Func-count    Pareto distance    Pareto spread
  181         36200         0.0111277           1.04874
  182         36400         0.0107031           1.14924
  183         36600         0.0108014           1.13749
  184         36800         0.0109842           1.15295
  185         37000         0.0105895           1.20226
  186         37200         0.0104654           1.21059
  187         37400         0.0100668           1.05738
  188         37600         0.0101591           1.23037
  189         37800        0.00995782            1.1606
  190         38000        0.00959902           1.27947
  191         38200        0.00946243           1.32007
  192         38400        0.00945243           1.20274
  193         38600        0.00945986           1.33476
  194         38800        0.00944028           1.32207
  195         39000         0.0094438           1.32851
  196         39200        0.00943096           1.34437
  197         39400        0.00941845           1.33172
  198         39600        0.00941658           1.24312
  199         39800        0.00942069           1.41679
  200         40000        0.00948135           1.37561
  201         40200        0.00948762           1.39212
  202         40400        0.00948097           1.38628
  203         40600        0.00947885           1.38479
  204         40800        0.00948062           1.39138
  205         41000        0.00944894           1.34562
  206         41200        0.00945299           1.36805
  207         41400        0.00945956           1.35754
  208         41600        0.00946858           1.34619
  209         41800        0.00949186           1.09614
  210         42000        0.00949106           1.14936

                              Average            Average
Generation   Func-count    Pareto distance    Pareto spread
  211         42200        0.00955545           1.03137
  212         42400        0.00969118           1.23844
  213         42600         0.0168892          0.860113
  214         42800         0.0161139           0.81779
  215         43000         0.0193252          0.641273
  216         43200         0.0174908          0.751106
  217         43400         0.0169509          0.804731
  218         43600         0.0162976          0.693106
  219         43800         0.0138432          0.767903
  220         44000         0.0130515          0.796698
  221         44200         0.0125459          0.858662
  222         44400         0.0119798          0.886397
  223         44600         0.0115419          0.967084
  224         44800         0.0110355           1.00684
  225         45000          0.010758           1.04161
  226         45200        0.00754786          0.899449
  227         45400        0.00729525          0.911669
  228         45600        0.00734135          0.915848
  229         45800        0.00800716          0.864727
  230         46000        0.00760812           0.91771
  231         46200        0.00744256          0.943849
  232         46400        0.00742522          0.941206
  233         46600        0.00734217          0.962864
  234         46800        0.00733092          0.936287
  235         47000        0.00726262          0.934986
  236         47200        0.00724294          0.908188
  237         47400        0.00727599          0.943293
  238         47600        0.00726673          0.925258
  239         47800        0.00725413          0.936938
  240         48000        0.00724384          0.911191

                              Average            Average
Generation   Func-count    Pareto distance    Pareto spread
  241         48200        0.00726324          0.928017
  242         48400        0.00724493          0.914088
  243         48600        0.00724465          0.927784
  244         48800        0.00725154          0.937947
  245         49000        0.00723609          0.964301
  246         49200        0.00725825          0.967315
  247         49400        0.00734443          0.955289
  248         49600        0.00736246          0.965052
  249         49800        0.00727903          0.967827
  250         50000        0.00726029          0.958484
  251         50200        0.00727366          0.982099
  252         50400        0.00725434          0.954279
  253         50600        0.00725286          0.938387
  254         50800        0.00727585           0.97093
  255         51000        0.00725692          0.952134
  256         51200        0.00724303          0.946742
  257         51400         0.0072527          0.953439
  258         51600        0.00724949          0.965118
  259         51800        0.00726325           0.96755
  260         52000        0.00726583          0.974786
  261         52200        0.00725403          0.963697
  262         52400        0.00747093          0.992129
  263         52600         0.0075329           0.97709
  264         52800        0.00738449          0.964066
  265         53000        0.00738199          0.956387
  266         53200        0.00734359          0.972433
  267         53400        0.00735182          0.953799
  268         53600        0.00767677          0.976978
  269         53800        0.00767163          0.970314
  270         54000         0.0076118          0.956767

                              Average            Average
Generation   Func-count    Pareto distance    Pareto spread
  271         54200        0.00755557          0.978753
  272         54400        0.00757474          0.998212
  273         54600        0.00755035          0.965601
  274         54800        0.00756658          0.985164
  275         55000        0.00756115          0.988165
  276         55200        0.00761023          0.980104
  277         55400        0.00759934          0.967867
  278         55600        0.00758976          0.964273
  279         55800        0.00760061           0.97714
  280         56000        0.00761382          0.995652
  281         56200        0.00760758          0.988307
  282         56400         0.0075985          0.981888
  283         56600        0.00761965          0.994925
  284         56800        0.00767287          0.988491
  285         57000        0.00816135           0.96894
  286         57200        0.00803171           1.00044
  287         57400        0.00789997           1.04972
  288         57600        0.00789254           1.04026
  289         57800        0.00845064          0.937496
  290         58000         0.0086384          0.907888
  291         58200        0.00917014          0.785948
  292         58400        0.00885749          0.825165
  293         58600        0.00974232          0.689773
  294         58800        0.00943959          0.721103
  295         59000        0.00955435          0.694266
  296         59200         0.0100746          0.647072
  297         59400         0.0103437           0.56666
  298         59600        0.00955112          0.685622
  299         59800        0.00915878          0.743966
  300         60000        0.00939826          0.738429

                              Average            Average
Generation   Func-count    Pareto distance    Pareto spread
  301         60200        0.00997421          0.653069
  302         60400         0.0134088          0.811105
  303         60600          0.012405          0.914533
  304         60800         0.0113666           1.00987
  305         61000         0.0109853           1.05827
  306         61200          0.012321          0.907662
  307         61400         0.0112727           1.01553
  308         61600         0.0109405           1.06774
  309         61800         0.0106853           1.10311
  310         62000         0.0103365            1.1447
  311         62200         0.0103739           1.14884
  312         62400         0.0110212           1.03419
  313         62600         0.0104316           1.11984
  314         62800         0.0102231           1.15521
  315         63000         0.0104655           1.11482
  316         63200         0.0102473           1.19417
  317         63400        0.00975853           1.26988
  318         63600        0.00972988           1.25637
  319         63800         0.0097399           1.26823
  320         64000        0.00982764           1.26056
  321         64200         0.0097356           1.27333
  322         64400        0.00973815           1.21592
  323         64600        0.00973655           1.28802
  324         64800         0.0097376           1.29186
  325         65000         0.0097381           1.31885
  326         65200         0.0097303           1.30393
  327         65400        0.00972985           1.30537
  328         65600        0.00973708           1.31317
  329         65800        0.00972577           1.29288
  330         66000        0.00972232           1.28732

                              Average            Average
Generation   Func-count    Pareto distance    Pareto spread
  331         66200        0.00973075            1.2345
  332         66400        0.00972162           1.29012
  333         66600        0.00972599           1.30201
  334         66800        0.00971262           1.27678
  335         67000        0.00971958             1.289
  336         67200        0.00972095           1.23201
  337         67400        0.00970101           1.25263
  338         67600         0.0097831           1.27662
  339         67800        0.00977548           1.25862
  340         68000        0.00977365           1.25495
  341         68200        0.00979002           1.28145
  342         68400        0.00978487           1.26883
  343         68600        0.00977304           1.25205
  344         68800        0.00979171           1.28201
  345         69000        0.00978974           1.27956
  346         69200        0.00978232           1.26731
  347         69400        0.00973324           1.23395
  348         69600        0.00972534            1.2927
  349         69800        0.00974336           1.31776
  350         70000        0.00972532            1.2886
  351         70200        0.00988826           1.07618
  352         70400        0.00991373           1.17819
  353         70600        0.00989575           1.08932
  354         70800        0.00973493           1.09708
  355         71000         0.0101256           1.23652
  356         71200         0.0104992           1.18039
  357         71400        0.00983402           1.26561
  358         71600        0.00978727            1.2567
  359         71800         0.0106653           1.18494
  360         72000         0.0101436           1.24561

                              Average            Average
Generation   Func-count    Pareto distance    Pareto spread
  361         72200        0.00981472           1.24982
  362         72400         0.0100937           1.24698
  363         72600        0.00993389           1.09375
  364         72800        0.00993854           1.19151
  365         73000        0.00984659           1.20087
  366         73200        0.00978743           1.19673
  367         73400         0.0102016           1.12448
  368         73600         0.0111553           1.01959
  369         73800         0.0113601           0.97247
  370         74000         0.0110738            1.0006
  371         74200         0.0111384          0.986308
  372         74400         0.0108222           1.00968
  373         74600         0.0108138            1.0148
  374         74800         0.0109522           1.02101
  375         75000         0.0120591          0.911275
  376         75200        0.00923022          0.733226
  377         75400        0.00956834          0.689379
  378         75600        0.00908138          0.764405
  379         75800        0.00865374          0.790244
  380         76000         0.0112893           1.02017
  381         76200         0.0108384            1.0941
  382         76400          0.010451           1.15892
  383         76600         0.0102237           1.19235
  384         76800         0.0103853           1.21491
  385         77000         0.0100979           1.25876
  386         77200        0.00995566           1.27921
  387         77400        0.00993098           1.27604
  388         77600        0.00993408           1.17187
  389         77800        0.00997284           1.25234
  390         78000        0.00996028           1.25076

                              Average            Average
Generation   Func-count    Pareto distance    Pareto spread
  391         78200        0.00995298           1.24984
  392         78400         0.0083132           0.93486
  393         78600        0.00797308           1.00122
  394         78800        0.00795108          0.999461
  395         79000        0.00802811          0.989651
  396         79200         0.0079764          0.944436
  397         79400         0.0079524          0.966663
  398         79600        0.00802206           0.95936
  399         79800        0.00803119           1.01134
  400         80000         0.0100337           1.11226
  401         80200         0.0100302           1.23984
  402         80400          0.010048           1.18076
  403         80600        0.00999653           1.19981
  404         80800         0.0100016           1.19879
  405         81000        0.00997444           1.19094
  406         81200        0.00993961           1.18662
  407         81400        0.00994019           1.22436
  408         81600        0.00993359           1.18863
  409         81800        0.00999606           1.22049
  410         82000        0.00994251           1.08856
  411         82200        0.00992922           1.17867
  412         82400        0.00994007           1.18818
  413         82600        0.00992899           1.16173
  414         82800        0.00991195           1.20486
  415         83000        0.00989862           1.18767
  416         83200        0.00986558           1.10065
  417         83400        0.00988189           1.21145
  418         83600        0.00986802           1.19388
  419         83800         0.0098817           1.18007
  420         84000          0.010465           1.07609

                              Average            Average
Generation   Func-count    Pareto distance    Pareto spread
  421         84200         0.0104515           1.25284
  422         84400         0.0113198           1.13448
  423         84600         0.0152152          0.716327
  424         84800         0.0157913          0.619543
  425         85000          0.014849          0.733249
  426         85200         0.0137911          0.746818
  427         85400         0.0129298          0.865059
  428         85600         0.0116704          0.938193
  429         85800         0.0118998          0.914121
  430         86000         0.0118225          0.929298
  431         86200        0.00888697          0.793813
  432         86400         0.0110922           1.01909
  433         86600         0.0109017            1.0676
  434         86800         0.0109309           1.04424
  435         87000         0.0103861           1.14243
  436         87200         0.0100981           1.03171
  437         87400         0.0106551           1.08584
  438         87600         0.0101267           1.15873
  439         87800          0.010782           1.09877
  440         88000         0.0106372           1.12205
  441         88200         0.0101551           1.18014
  442         88400         0.0123001           1.35657
  443         88600         0.0113701           1.50032
  444         88800         0.0112076           1.32658
  445         89000         0.0111464           1.40196
  446         89200         0.0111454           1.40184
  447         89400         0.0106147           1.23758
  448         89600         0.0105321           1.22795
  449         89800         0.0105287           1.22756
  450         90000         0.0103143           1.20256

                              Average            Average
Generation   Func-count    Pareto distance    Pareto spread
  451         90200         0.0102576           1.19594
  452         90400         0.0101219           1.17313
  453         90600         0.0101738           1.17915
  454         90800        0.00999162           1.15804
  455         91000        0.00998322           1.15706
  456         91200        0.00983151           1.10393
  457         91400         0.0098717           1.16701
  458         91600        0.00979528           1.10807
  459         91800        0.00988836           1.17674
  460         92000        0.00977833           1.18128
  461         92200        0.00972355           1.17466
  462         92400        0.00970055           1.12562
  463         92600        0.00969694           1.15409
  464         92800        0.00968217           1.15233
  465         93000        0.00980861           1.13345
  466         93200        0.00973044           1.14171
  467         93400         0.0100025           1.12029
  468         93600         0.0101351            1.0991
  469         93800         0.0101376           1.09938
  470         94000        0.00986787            1.1403
  471         94200        0.00975106           1.12626
  472         94400        0.00979309           1.20266
  473         94600        0.00978847           1.19767
  474         94800        0.00974107           1.20847
  475         95000        0.00972946           1.20449
  476         95200        0.00985919           1.17289
  477         95400        0.00973604           1.19387
  478         95600        0.00979803            1.2174
  479         95800        0.00988959           1.21014
  480         96000         0.0100518           1.23617

                              Average            Average
Generation   Func-count    Pareto distance    Pareto spread
  481         96200         0.0100283           1.24466
  482         96400         0.0100448           1.23896
  483         96600         0.0100264           1.22943
  484         96800         0.0103044           1.18981
  485         97000        0.00999317           1.20081
  486         97200        0.00999382            1.2309
  487         97400        0.00999661           1.23451
  488         97600        0.00999537           1.23297
  489         97800        0.00998506           1.23169
  490         98000        0.00999029           1.24089
  491         98200        0.00998317           1.23558
  492         98400        0.00998366           1.23557
  493         98600          0.009992           1.23655
  494         98800         0.0110337           1.05473
  495         99000         0.0113627           1.01474
  496         99200         0.0112674           1.02905
  497         99400         0.0111031            1.0546
  498         99600         0.0108493           1.08995
  499         99800         0.0109259           1.07769
  500        100000         0.0112742           1.02968
  501        100200        0.00908417           1.00138
  502        100400        0.00868304           1.05513
  503        100600        0.00858889           1.04187
  504        100800        0.00858403           1.05986
  505        101000        0.00880571           1.02217
  506        101200        0.00853271           1.05353
  507        101400        0.00896035           1.04012
  508        101600        0.00874249           1.08677
  509        101800          0.008733           1.08573
  510        102000        0.00871824           1.08451

                              Average            Average
Generation   Func-count    Pareto distance    Pareto spread
  511        102200         0.0113177           1.12905
  512        102400         0.0124207            1.2421
  513        102600         0.0124232           1.24436
  514        102800         0.0124477           1.17338
  515        103000         0.0124208           1.29345
  516        103200         0.0124043           1.27477
  517        103400         0.0124026           1.27565
  518        103600         0.0123938           1.15503
  519        103800         0.0123972           1.25328
  520        104000         0.0124035           1.25547
  521        104200         0.0123946           1.24385
  522        104400         0.0124709           1.23146
  523        104600         0.0123964           1.18664
  524        104800         0.0123935           1.27066
  525        105000          0.012391           1.25926
  526        105200         0.0124693           1.24504
  527        105400         0.0123996           1.26967
  528        105600         0.0124003           1.27206
  529        105800          0.012394           1.26465
  530        106000         0.0123946           1.25004
  531        106200         0.0124632           1.23601
  532        106400         0.0123941           1.25631
  533        106600          0.012398           1.26489
  534        106800         0.0124022           1.27176
  535        107000         0.0123774           1.15022
  536        107200         0.0123794           1.23382
  537        107400          0.012387            1.2415
  538        107600         0.0123781           1.16935
  539        107800         0.0123885            1.2534
  540        108000         0.0124669           1.24877

                              Average            Average
Generation   Func-count    Pareto distance    Pareto spread
  541        108200         0.0124739           1.24928
  542        108400          0.012499           1.25979
  543        108600         0.0124885           1.12177
  544        108800         0.0124593           1.22143
  545        109000         0.0114264           1.11087
  546        109200         0.0117218           1.07155
  547        109400         0.0115789           1.09209
  548        109600         0.0122395           1.02722
  549        109800         0.0122408           1.05156
  550        110000         0.0121762           1.06436
  551        110200         0.0119354           1.09978
  552        110400         0.0117641           1.08655
  553        110600          0.011835           1.09466
  554        110800         0.0116126           1.12607
  555        111000         0.0114571            1.1446
  556        111200         0.0114747           1.14761
  557        111400         0.0115381           1.13399
  558        111600         0.0115436           1.12964
  559        111800         0.0115367           1.13526
  560        112000         0.0114546           1.15152
  561        112200         0.0114472            1.1501
  562        112400         0.0114092            1.1449
  563        112600         0.0114096           1.14762
  564        112800         0.0114176           1.15116
  565        113000           0.01149           1.14303
  566        113200         0.0114859           1.14043
  567        113400         0.0114766           1.13892
  568        113600          0.011393           1.11526
  569        113800          0.011438           1.14105
  570        114000         0.0115048           1.12504

                              Average            Average
Generation   Func-count    Pareto distance    Pareto spread
  571        114200         0.0114272           1.14296
  572        114400         0.0124952           1.24656
  573        114600         0.0124947           1.21309
  574        114800         0.0126009           1.14877
  575        115000         0.0125352           1.28433
  576        115200         0.0125244           1.27453
  577        115400         0.0128169           1.25785
  578        115600          0.013241           1.19795
  579        115800         0.0137606           1.13945
  580        116000          0.013532           1.07446
  581        116200         0.0133454           1.14145
  582        116400         0.0137122           1.09194
  583        116600         0.0135741           1.09351
  584        116800          0.013268           1.12715
  585        117000         0.0123749            0.9969
  586        117200         0.0122056           1.01902
  587        117400         0.0123799          0.997304
  588        117600         0.0120431           1.04074
  589        117800         0.0117281           1.08222
  590        118000         0.0114408           1.12275
  591        118200         0.0114364           1.07454
  592        118400         0.0114308           1.10643
  593        118600         0.0115225           1.09862
  594        118800          0.011527           1.09905
  595        119000         0.0114327           1.11374
  596        119200          0.011499           1.10345
  597        119400          0.011603           1.09656
  598        119600         0.0119899           1.04596
  599        119800         0.0115337           1.10678
  600        120000         0.0114347           1.11394

                              Average            Average
Generation   Func-count    Pareto distance    Pareto spread
  601        120200         0.0123801             1.008
  602        120400         0.0125384          0.980665
  603        120600          0.012464          0.992898
  604        120800         0.0124958          0.977331
  605        121000         0.0127758          0.943718
  606        121200         0.0122341           1.01002
  607        121400         0.0117334           1.07066
  608        121600         0.0114306           1.10925
  609        121800         0.0114191           1.10814
  610        122000         0.0114107           1.10734
  611        122200         0.0114158           1.11034
  612        122400         0.0113386           1.04469
  613        122600         0.0113185           1.07333
  614        122800         0.0113447           1.08008
  615        123000         0.0116884            1.0443
  616        123200         0.0118268           1.08145
  617        123400         0.0117727           1.10779
  618        123600         0.0114776            1.1497
  619        123800         0.0114139           1.16063
  620        124000         0.0114067           1.15991
  621        124200         0.0114064           1.15988
  622        124400         0.0113914           1.06476
  623        124600         0.0113787           1.10994
  624        124800          0.011367           1.08925
Optimization terminated: time limit exceeded.