 Num Pts                 Best       Current    Threshold        Local        Local                 
Analyzed  F-count        f(x)       Penalty      Penalty         f(x)     exitflag        Procedure
       0      132       285.3                                   285.3            2    Initial Point
    1000     6558       20.45                                   20.45            2    Stage 1 Local
    1022     6738       20.45          23.8        24.74        23.34            2    Stage 2 Local
    1037     7084       18.68         23.69         23.8        18.68            2    Stage 2 Local
    1046     7520       18.68         23.52        23.69        22.52            2    Stage 2 Local
    1061     7674       18.68         23.36        23.52        23.28            2    Stage 2 Local
    1075     7829       18.68         23.13        23.36        23.13            2    Stage 2 Local
    1097     8011       18.68         24.07        27.95         23.1            2    Stage 2 Local
    1099     8867       4.466         23.84        24.07        4.466            2    Stage 2 Local
    1100     8868       4.466            25        23.84                              Stage 2 Search
    1102     8966       4.466         22.79        23.84        22.79            2    Stage 2 Local
    1124     9357       4.466         25.13        27.55        22.45            2    Stage 2 Local
    1125     9519       4.466         23.69        25.13        23.19            2    Stage 2 Local
    1154     9721       4.466         27.12        28.63        22.91            2    Stage 2 Local
    1165     9890       4.466         26.12        27.12        16.18            2    Stage 2 Local
    1169    10725       4.466         24.61        26.12        24.71            2    Stage 2 Local
    1170    10802       4.466         23.58        24.61        23.58            2    Stage 2 Local
    1171    11093       4.466         23.39        23.58         20.9            2    Stage 2 Local
    1175    11278       4.466         23.24        23.39        22.77            2    Stage 2 Local
    1178    11380       4.466         23.16        23.24           23            2    Stage 2 Local
    1185    11506       4.466         23.01        23.16        23.01            2    Stage 2 Local
    1191    12084       4.466         22.45        23.01        17.85            2    Stage 2 Local
    1200    12093       4.466         23.45        22.45                              Stage 2 Search
    1213    13499       4.466         23.76        27.14         18.4            2    Stage 2 Local
    1214    13594       4.466         23.44        23.76        23.44            2    Stage 2 Local
    1220    13654       4.466         22.63        23.44        22.63            2    Stage 2 Local
    1242    13899       4.466         23.56        27.35        22.77            2    Stage 2 Local
    1271    14319       4.466         24.82        28.27        20.07            2    Stage 2 Local
    1300    14348       4.466         23.36        22.52                              Stage 2 Search
    1315    15116       4.466         24.61        27.22        19.59            2    Stage 2 Local
    1340    15260       4.466         23.11         24.1        23.13            2    Stage 2 Local
    1343    15419       4.466         23.11        23.11        22.92            2    Stage 2 Local
    1344    16223       4.466         23.08        23.11         18.7            2    Stage 2 Local
    1353    17107       4.466         22.95        23.08        18.08            2    Stage 2 Local
    1378    17270       4.466         22.67        22.79        22.44            2    Stage 2 Local
    1400    17292       4.466         24.25        26.98                              Stage 2 Search
    1448    17944       4.466         22.69        26.99        18.63            2    Stage 2 Local
    1500    17996       4.466         24.24        24.24                              Stage 2 Search
    1556    18257       4.466         23.42         24.9        22.17            2    Stage 2 Local
    1570    18703       4.466         23.38        23.42        23.37            2    Stage 2 Local
    1600    18733       4.466         22.57        21.96                              Stage 2 Search
    1653    19143       4.466         21.74        21.74        11.92            2    Stage 2 Local
    1690    19449       4.466         21.73        21.73        24.12            2    Stage 2 Local
    1698    20022       4.466         21.72        21.73        17.47            2    Stage 2 Local
    1700    20024       4.466         21.73        21.72                              Stage 2 Search
    1720    21652       4.466         21.72        26.27        4.902            2    Stage 2 Local
    1742    21810       4.466         21.74        26.27        13.37            2    Stage 2 Local
    1752    22493       4.466         21.73        21.74        16.74            2    Stage 2 Local
    1754    22593       4.466         21.73        21.73        33.53            2    Stage 2 Local
    1755    23473       4.466         21.72        21.73        4.761            2    Stage 2 Local
    1773    23820       4.466         21.72        21.72        21.53            2    Stage 2 Local
    1795    24019       4.466         21.74        26.27        17.56            2    Stage 2 Local
    1800    24024       4.466          21.8        21.74                              Stage 2 Search
    1801    24121       4.466         21.74        21.74        33.57            2    Stage 2 Local
    1830    24691       4.466         21.75        26.26        22.03            2    Stage 2 Local
    1831    24746       4.466         21.75        21.75        33.76            2    Stage 2 Local
    1832    25447       4.466         21.73        21.75         17.5            2    Stage 2 Local
    1837    25592       4.466         21.73        21.73        24.57            2    Stage 2 Local
    1859    26745       4.466         21.78        26.27        17.01            2    Stage 2 Local
    1860    27347       4.466         21.74        21.78         5.77            2    Stage 2 Local
    1873    27497       4.466         21.74        21.74        15.72            2    Stage 2 Local
    1895    27652       4.466         23.28        26.29        15.76            2    Stage 2 Local
    1896    27874       4.466         22.35        23.28        23.78            2    Stage 2 Local
    1900    27878       4.466         21.71        21.67                              Stage 2 Search
    1934    28797       4.466         24.17        26.21        17.93            2    Stage 2 Local
    1935    29678       4.466         24.16        24.17        18.03            2    Stage 2 Local
    1936    30055       4.466          23.5        24.16        22.64            2    Stage 2 Local
    1937    30319       4.466          23.5         23.5         22.7            2    Stage 2 Local
    1941    30620       4.466          23.5         23.5         21.9            2    Stage 2 Local
    1943    30758       4.466         23.42         23.5        23.42            2    Stage 2 Local
    1944    31180       4.466         23.41        23.42        6.019            2    Stage 2 Local
    1958    32296       4.466         23.11        23.41        4.927            2    Stage 2 Local
    1960    32642       4.466         22.97        23.11         22.7            2    Stage 2 Local
    1973    33460       4.466         22.62        22.63        18.43            2    Stage 2 Local
    1996    33685       4.466         23.09        26.05        20.72            2    Stage 2 Local
    2000    33689       4.466         23.24        23.09                              Stage 2 Search
    2046    33991       4.466         21.67        21.67        23.62            2    Stage 2 Local
    2068    34086       4.466         21.67         26.2        32.51            2    Stage 2 Local
    2072    34186       4.466         21.67        21.67        32.96            2    Stage 2 Local
    2075    34282       4.466         21.67        21.67        32.96            2    Stage 2 Local
    2078    34441       4.466         21.67        21.67        21.44            2    Stage 2 Local
    2092    36191       4.466         21.67        21.67        17.72            2    Stage 2 Local
    2093    36479       4.466         21.67        21.67        7.818            2    Stage 2 Local
    2094    37011       4.466         21.67        21.67        4.986            2    Stage 2 Local
    2096    37067       4.466         21.67        21.67        32.97            2    Stage 2 Local
    2100    37071       4.466         21.67        21.67                              Stage 2 Search
    2118    37143       4.466         21.67        26.21        32.97            2    Stage 2 Local
    2129    37360       4.466         21.67        21.67        17.46            2    Stage 2 Local
    2138    38057       4.128         21.67        21.67        4.128            2    Stage 2 Local
    2160    38504       4.128         21.67        26.21        8.266            2    Stage 2 Local
    2162    39240       4.128         21.67        21.67        5.332            2    Stage 2 Local
    2163    39362       4.128         21.67        21.67        32.97            2    Stage 2 Local
    2167    39524       4.128         21.67        21.67        24.86            2    Stage 2 Local
    2169    39597       4.128         21.67        21.67        32.97            2    Stage 2 Local
    2191    40637       4.128         21.67        26.21        18.16            2    Stage 2 Local
    2192    41662       4.128         21.67        21.67         4.43            2    Stage 2 Local
    2199    42403       4.128         21.67        21.67        4.953            2    Stage 2 Local
    2200    42404       4.128         21.67        21.67                              Stage 2 Search
    2205    43130       4.128         21.67        21.67        5.302            2    Stage 2 Local
    2208    43205       4.128         21.67        21.67        25.43            2    Stage 2 Local
    2226    43746       4.128         21.67        21.67         18.2            2    Stage 2 Local
    2248    43844       4.128         21.67        26.21        32.96            2    Stage 2 Local
    2249    44456       4.128         21.67        21.67        6.159            2    Stage 2 Local
    2250    44529       4.128         21.67        21.67        25.18            2    Stage 2 Local
    2257    45875       4.128         21.67        21.67        17.91            2    Stage 2 Local
    2284    46211       4.128         22.43        24.22        20.91            2    Stage 2 Local
    2297    46691       4.128         21.87        22.07        19.87            2    Stage 2 Local
    2300    46694       4.128         22.48        21.87                              Stage 2 Search
    2326    46928       4.128         21.47        25.63        20.95            2    Stage 2 Local
    2332    47066       4.128          21.2        21.47        20.97            2    Stage 2 Local
    2364    47425       4.128         21.33        25.25        20.69            2    Stage 2 Local
    2386    47524       4.128         20.49        20.72        20.49            2    Stage 2 Local
    2400    47538       4.128         38.48        20.49                              Stage 2 Search
    2470    47743       4.128         21.62        21.81        21.62            2    Stage 2 Local
    2471    47863       4.128         21.56        21.62        21.36            2    Stage 2 Local
    2472    47918       4.128          21.5        21.56         21.5            2    Stage 2 Local
    2473    48116       4.128         21.41         21.5         21.4            2    Stage 2 Local
    2475    48239       4.128          21.3        21.41        21.28            2    Stage 2 Local
    2500    48264       4.128          21.4        21.23                              Stage 2 Search
    2515    48483       4.128         21.64        25.67        20.35            2    Stage 2 Local
    2516    48796       4.128         21.63        21.64        24.93            2    Stage 2 Local
    2518    48874       4.128         21.57        21.63        21.57            2    Stage 2 Local
    2540    49097       4.128         21.81        26.08        21.32            2    Stage 2 Local
    2541    49341       4.128         21.59        21.81        20.73            2    Stage 2 Local
    2563    50078       4.128         21.67         26.1        18.18            2    Stage 2 Local
    2564    50307       4.128         21.67        21.67        10.85            2    Stage 2 Local
    2574    51581       4.128         21.63        21.67        18.15            2    Stage 2 Local
    2596    52475       4.128         21.93        26.16        19.34            2    Stage 2 Local
    2597    53229       4.128         21.88        21.93        18.88            2    Stage 2 Local
    2598    53419       4.128         21.86        21.88        22.88            2    Stage 2 Local
    2600    53421       4.128         21.92        21.86                              Stage 2 Search
    2615    53552       4.128          21.8        21.86        21.53            2    Stage 2 Local
    2617    54238       4.128         20.49         21.8        18.27            2    Stage 2 Local
    2618    54392       4.128         20.49        20.49        7.079            2    Stage 2 Local
    2645    54830       4.128         21.17        22.47        20.85            2    Stage 2 Local
    2649    54953       4.128         21.05        21.17        20.93            2    Stage 2 Local
    2689    55091       4.128         20.52        21.72        20.52            2    Stage 2 Local
    2700    55102       4.128         22.25        20.52                              Stage 2 Search
    2712    55229       4.128         21.46        24.58        11.84            2    Stage 2 Local
    2735    56258       4.128         20.49        24.76         18.3            2    Stage 2 Local
    2736    56967       4.128         20.49        20.49        18.47            2    Stage 2 Local
    2737    57368       4.128         20.49        20.49        18.28            2    Stage 2 Local
    2740    57743       4.128         20.49        20.49        23.05            2    Stage 2 Local
    2743    57908       4.128         20.49        20.49        22.65            2    Stage 2 Local
    2745    58237       4.128         20.49        20.49        12.26            2    Stage 2 Local
    2747    58375       4.128         20.49        20.49        6.682            2    Stage 2 Local
    2748    58642       4.128         20.42        20.49        10.79            2    Stage 2 Local
    2770    59602       4.128         20.49         24.7        5.044            2    Stage 2 Local
    2771    59712       4.128         20.49        20.49        20.49            2    Stage 2 Local
    2772    59807       4.128         20.49        20.49        20.49            2    Stage 2 Local
    2778    59931       4.128         20.48        20.49        20.48            2    Stage 2 Local
    2782    60011       4.128         20.42        20.48        20.42            2    Stage 2 Local
    2800    60029       4.128         20.49        20.42                              Stage 2 Search
    2804    60423       4.128         20.46        24.71        20.31            2    Stage 2 Local
    2819    60617       4.128         20.37        20.46        20.36            2    Stage 2 Local
    2837    60774       4.128         20.32        20.37        20.28            2    Stage 2 Local
    2859    61139       4.128         22.86        24.58        21.38            2    Stage 2 Local
    2860    61216       4.128         20.46        22.86        22.48            2    Stage 2 Local
    2883    61315       4.128         23.12        23.85        23.12            2    Stage 2 Local
    2884    61392       4.128         23.12        23.12        23.12            2    Stage 2 Local
    2894    62014       4.128         20.49        21.19        17.91            2    Stage 2 Local
    2900    62020       4.128         31.31        20.49                              Stage 2 Search
    2920    62341       4.128         20.31        20.45        19.48            2    Stage 2 Local
    2921    62631       4.128         20.31        20.31        23.51            2    Stage 2 Local
    2924    62733       4.128         20.31        20.31        20.31            2    Stage 2 Local
    2925    62804       4.128         20.31        20.31        20.31            2    Stage 2 Local
    2932    63054       4.128         20.31        20.31        12.77            2    Stage 2 Local
    3000    63122       4.128         20.74         20.5                              Stage 2 Search
    3018    63259       4.128          20.3        20.37        20.28            2    Stage 2 Local
    3040    63442       4.128         20.31        24.56        20.32            2    Stage 2 Local
    3041    64384       4.128         20.31        20.31        5.515            2    Stage 2 Local
    3042    64504       4.128         20.31        20.31        20.31            2    Stage 2 Local
    3045    64712       4.128         20.31        20.31        19.35            2    Stage 2 Local
    3055    64874       4.128         20.31        20.31        12.92            2    Stage 2 Local
    3058    65176       4.128         20.31        20.31        7.805            2    Stage 2 Local
    3060    65277       4.128         20.31        20.31        20.31            2    Stage 2 Local
    3082    65581       4.128         20.31        24.57         20.3            2    Stage 2 Local
    3083    65694       4.128         20.31        20.31        20.31            2    Stage 2 Local
    3085    65789       4.128         20.31        20.31        20.31            2    Stage 2 Local
    3088    65901       4.128         20.31        20.31        20.31            2    Stage 2 Local
    3095    66247       4.128         20.31        20.31         17.6            2    Stage 2 Local
    3100    66252       4.128         20.31        20.31                              Stage 2 Search
    3117    66406       4.128         20.31        24.57        20.59            2    Stage 2 Local
    3119    66500       4.128         20.31        20.31        20.31            2    Stage 2 Local
    3121    66597       4.128         20.31        20.31        20.41            2    Stage 2 Local
    3127    66783       4.128         20.31        20.31        11.64            2    Stage 2 Local
    3149    66944       4.128         20.31        24.57        19.63            2    Stage 2 Local
    3159    67112       4.128         20.31        20.31        13.32            2    Stage 2 Local
    3161    67203       4.128         20.31        20.31        20.31            2    Stage 2 Local
    3175    67419       4.128         20.31        20.31        19.59            2    Stage 2 Local
    3197    67506       4.128         20.31        24.57        20.31            2    Stage 2 Local
    3199    67794       4.128         20.31        20.31        19.84            2    Stage 2 Local
    3200    68136       4.128         20.31        20.31         19.1            2    Stage 2 Local
    3208    68219       4.128         20.31        20.31        20.31            2    Stage 2 Local
    3230    68359       4.128         20.31        24.57        20.31            2    Stage 2 Local
    3233    68416       4.128         20.31        20.31        20.31            2    Stage 2 Local
    3249    68744       4.128         20.31        20.31        19.07            2    Stage 2 Local
    3271    69105       4.128         20.31        24.57        19.51            2    Stage 2 Local
    3272    69287       4.128         20.31        20.31        20.28            2    Stage 2 Local
    3273    69364       4.128         20.31        20.31        20.31            2    Stage 2 Local
    3275    69461       4.128         20.31        20.31        20.28            2    Stage 2 Local
    3281    69576       4.128         20.31        20.31        20.31            2    Stage 2 Local
    3287    69719       4.128         20.31        20.31        19.46            2    Stage 2 Local
    3300    69732       4.128         20.31        20.31                              Stage 2 Search
    3308    69816       4.128         20.31        20.31        20.31            2    Stage 2 Local
    3354    70042       4.128         21.18        22.34        23.61            2    Stage 2 Local
    3375    70205       4.128         20.55        20.72        20.52            2    Stage 2 Local
    3379    70304       4.128          20.3         20.3        20.26            2    Stage 2 Local
    3400    70325       4.128         20.31        24.55                              Stage 2 Search
    3401    70444       4.128         20.31        24.55        20.47            2    Stage 2 Local
    3402    70515       4.128         20.31        20.31        20.31            2    Stage 2 Local
    3405    70678       4.128          20.3        20.31        20.27            2    Stage 2 Local
    3427    70795       4.128         20.31        24.56        19.59            2    Stage 2 Local
    3429    70850       4.128         20.31        20.31        20.31            2    Stage 2 Local
    3430    71012       4.128         20.31        20.31        20.31            2    Stage 2 Local
    3437    71200       4.128         20.31        20.31        20.19            2    Stage 2 Local
    3438    71299       4.128         20.31        20.31        20.31            2    Stage 2 Local
    3460    71526       4.128         20.31        24.57        20.21            2    Stage 2 Local
    3461    71623       4.128         20.31        20.31        20.28            2    Stage 2 Local
    3462    71789       4.128         20.31        20.31         20.3            2    Stage 2 Local
    3469    71870       4.128         20.31        20.31        20.31            2    Stage 2 Local
    3491    71959       4.128         20.31        24.57        20.31            2    Stage 2 Local
    3494    72037       4.128         20.31        20.31         20.3            2    Stage 2 Local
    3497    72109       4.128         20.31        20.31        20.31            2    Stage 2 Local
    3500    72112       4.128         20.31        20.31                              Stage 2 Search
    3508    72719       4.128         20.31        20.31        16.67            2    Stage 2 Local
    3530    72882       4.128         20.31        24.57        20.21            2    Stage 2 Local
    3531    73091       4.128         20.31        20.31        19.35            2    Stage 2 Local
    3532    73273       4.128         20.31        20.31        20.31            2    Stage 2 Local
    3533    73392       4.128         20.31        20.31        20.31            2    Stage 2 Local
    3534    73491       4.128         20.31        20.31        20.31            2    Stage 2 Local
    3535    73806       4.128         20.31        20.31        17.99            2    Stage 2 Local
    3548    74035       4.128         20.31        20.31        20.29            2    Stage 2 Local
    3551    74109       4.128         20.31        20.31        20.31            2    Stage 2 Local
    3573    75173       4.128         20.31        24.57        4.471            2    Stage 2 Local
    3574    75262       4.128         20.31        20.31        20.31            2    Stage 2 Local
    3575    75327       4.128         20.31        20.31        20.31            2    Stage 2 Local
    3578    75392       4.128         20.31        20.31        20.31            2    Stage 2 Local
    3600    76253       4.128         20.31        24.57        5.116            2    Stage 2 Local
    3601    76318       4.128         20.31        20.31        20.31            2    Stage 2 Local
    3623    76482       4.128         20.31        24.57         20.3            2    Stage 2 Local
    3624    76807       4.128         20.31        20.31        19.38            2    Stage 2 Local
    3626    76863       4.128         20.31        20.31        20.31            2    Stage 2 Local
    3633    77700       4.128         20.31        20.31         4.74            2    Stage 2 Local
    3655    78758       4.128         20.31        24.57        18.86            2    Stage 2 Local
    3656    78984       4.128         20.31        20.31        19.64            2    Stage 2 Local
    3674    79066       4.128         20.31        20.31        20.31            2    Stage 2 Local
    3686    79442       4.128         20.31        20.31        19.85            2    Stage 2 Local
    3700    79456       4.128         26.36        20.31                              Stage 2 Search
    3703    79557       4.128          20.3        20.31         20.3            2    Stage 2 Local
    3725    79941       4.128         22.62        24.56        18.34            2    Stage 2 Local
    3726    80362       4.128         22.62        22.62        19.79            2    Stage 2 Local
    3739    80536       4.128         20.87        20.89        22.06            2    Stage 2 Local
    3743    81521       4.128         20.46        20.87        17.84            2    Stage 2 Local
    3744    81659       4.128         20.46        20.46        23.63            2    Stage 2 Local
    3773    82433       4.128         20.36        20.41        18.51            2    Stage 2 Local
    3776    82588       4.128         20.34        20.36        20.34            2    Stage 2 Local
    3798    82686       4.128         21.15        24.61        20.46            2    Stage 2 Local
    3799    83167       4.128         20.69        21.15        20.69            2    Stage 2 Local
    3800    83945       4.128         20.33        20.69        18.07            2    Stage 2 Local
    3806    84512       4.128          20.3        20.31        18.17            2    Stage 2 Local
    3807    84611       4.128          20.3         20.3        20.28            2    Stage 2 Local
    3808    85433       4.128         20.29         20.3         4.67            2    Stage 2 Local
    3813    85768       4.128         20.29        20.29        19.84            2    Stage 2 Local
    3818    85913       4.128         20.28        20.29        20.28            2    Stage 2 Local
    3848    86317       4.128         20.29         20.3        19.51            2    Stage 2 Local
    3883    86552       4.128          20.3        24.55         20.3            2    Stage 2 Local
    3884    86691       4.128          20.3         20.3        20.29            2    Stage 2 Local
    3885    86871       4.128          20.3         20.3         20.3            2    Stage 2 Local
    3900    86886       4.128          20.3        20.29                              Stage 2 Search
    3915    88280       4.128          20.3        24.55        5.018            2    Stage 2 Local
    3916    88377       4.128          20.3         20.3         20.3            2    Stage 2 Local
    3921    88436       4.128          20.3         20.3         20.3            2    Stage 2 Local
    3965    88568       4.128         20.31        24.55        20.17            2    Stage 2 Local
    3967    88683       4.128         20.31        20.31        20.31            2    Stage 2 Local
    3980    88836       4.128          20.3        20.31        22.89            2    Stage 2 Local
    3985    88907       4.128          20.3         20.3         20.3            2    Stage 2 Local
    3986    89707       4.128          20.3         20.3        4.663            2    Stage 2 Local
    4000    89721       4.128          20.3         20.3                              Stage 2 Search
    4008    90206       4.128         20.31        24.56        19.19            2    Stage 2 Local
    4009    90305       4.128          20.3        20.31         20.3            2    Stage 2 Local
    4011    90425       4.128          20.3         20.3        21.98            2    Stage 2 Local
    4070    90687       4.128         20.38        20.56        20.16            2    Stage 2 Local
    4091    90762       4.128         20.36        20.38        20.36            2    Stage 2 Local
    4100    90771       4.128         20.25        20.25                              Stage 2 Search
    4164    91298       4.128         20.26        20.27        19.83            2    Stage 2 Local
    4186    91416       4.128         20.29        24.51        20.29            2    Stage 2 Local
    4191    91542       4.128         20.29        20.29        20.28            2    Stage 2 Local
    4200    91551       4.128          20.3        20.29                              Stage 2 Search
    4213    91780       4.128         20.29        24.55        20.21            2    Stage 2 Local
    4221    92138       4.128         20.27        20.29         19.7            2    Stage 2 Local
    4276    92571       4.128         20.29        20.29        19.66            2    Stage 2 Local
    4290    92703       4.128         20.29        20.29        20.28            2    Stage 2 Local
    4296    92826       4.128         20.29        20.29        19.75            2    Stage 2 Local
    4300    92830       4.128         20.29        20.29                              Stage 2 Search
    4318    93418       4.128          20.3        24.54        5.498            2    Stage 2 Local
    4319    93644       4.128          20.3         20.3         20.3            2    Stage 2 Local
    4320    93759       4.128          20.3         20.3         20.3            2    Stage 2 Local
    4321    93941       4.128          20.3         20.3        20.24            2    Stage 2 Local
    4325    95093       4.128          20.3         20.3        15.86            2    Stage 2 Local
    4327    95235       4.128         20.29         20.3        22.26            2    Stage 2 Local
    4333    95381       4.128         20.29        20.29        20.28            2    Stage 2 Local
    4400    95448       4.128         20.24        20.24                              Stage 2 Search
    4426    95811       4.128         20.24        24.49        7.619            2    Stage 2 Local
    4427    96080       4.128         20.24        20.24        22.55            2    Stage 2 Local
    4428    96179       4.128         20.24        20.24        22.51            2    Stage 2 Local
    4430    96297       4.128         20.24        20.24         23.4            2    Stage 2 Local
    4443    96964       4.128         20.24        20.24        4.705            2    Stage 2 Local
    4462    97102       4.128         20.24        20.24        21.84            2    Stage 2 Local
    4481    97281       4.128         20.24        20.24         23.4            2    Stage 2 Local
    4500    97300       4.128         20.24        20.24                              Stage 2 Search
    4503    97379       4.128         20.24        24.49        22.29            2    Stage 2 Local
    4514    99160       4.128         20.24        20.24        4.404            2    Stage 2 Local
    4518    99241       4.128         20.24        20.24        21.85            2    Stage 2 Local
    4540    99362       4.128         20.24        24.48        21.88            2    Stage 2 Local
    4542    99610       4.128         20.24        20.24        22.74            2    Stage 2 Local
    4544    99710       4.128         20.24        20.24        22.48            2    Stage 2 Local
    4556   101120       4.128         20.24        20.24        20.61            2    Stage 2 Local
    4558   101241       4.128         20.24        20.24        23.39            2    Stage 2 Local
    4559   101656       4.128         20.24        20.24        18.76            2    Stage 2 Local
    4581   102840       4.128         20.24        24.48        5.424            2    Stage 2 Local
    4584   103040       4.128         20.24        20.24        21.23            2    Stage 2 Local
    4600   103056       4.128         20.24        20.24                              Stage 2 Search
    4606   103283       4.128         20.24        24.48        22.16            2    Stage 2 Local
    4608   104367       4.128         20.24        20.24        18.59            2    Stage 2 Local
    4610   104979       4.128         20.24        20.24        17.78            2    Stage 2 Local
    4618   105108       4.128         20.24        20.24        22.41            2    Stage 2 Local
    4640   105394       4.128         20.24        24.48        21.24            2    Stage 2 Local
    4645   105958       4.128         20.24        20.24        18.15            2    Stage 2 Local
    4652   106042       4.128         20.24        20.24        22.08            2    Stage 2 Local
    4657   106785       4.128         20.24        20.24        4.176            2    Stage 2 Local
    4679   107140       4.128         20.24        24.48        23.37            2    Stage 2 Local
    4681   107522       4.128         20.24        20.24        9.592            2    Stage 2 Local
    4700   107541       4.128         20.28        20.24                              Stage 2 Search
    4703   107700       4.128         20.31        24.48        20.31            2    Stage 2 Local
    4704   108154       4.128         20.29        20.31         19.8            2    Stage 2 Local
    4708   108254       4.128         20.28        20.29        20.28            2    Stage 2 Local
    4730   108352       4.128          20.3        24.54         20.3            2    Stage 2 Local
    4736   108736       4.128         20.28         20.3        20.19            2    Stage 2 Local
    4758   109177       4.128         23.43        24.53        18.56            2    Stage 2 Local
    4766   109431       4.128         20.24        23.43        21.01            2    Stage 2 Local
    4768   110516       4.128         20.24        20.24        17.52            2    Stage 2 Local
    4777   111688       4.128         20.24        20.24        18.59            2    Stage 2 Local
    4781   111959       4.128         20.23        20.24        19.58            2    Stage 2 Local
    4786   112040       4.128         20.22        20.23        22.41            2    Stage 2 Local
    4800   112054       4.128         20.24        20.22                              Stage 2 Search
    4808   112729       4.128         20.24        24.46        18.55            2    Stage 2 Local
    4809   113417       4.128         20.24        20.24        15.54            2    Stage 2 Local
    4810   114378       4.128         20.24        20.24        16.15            2    Stage 2 Local
    4841   115058       4.128         20.24        24.46        18.99            2    Stage 2 Local
    4842   115157       4.128         20.23        20.24        22.82            2    Stage 2 Local
    4857   115416       4.128         20.23        20.23        20.69            2    Stage 2 Local
    4879   115600       4.128         20.23        24.48        22.86            2    Stage 2 Local
    4900   115621       4.128         20.24        24.48                              Stage 2 Search
    4901   115741       4.128         20.24        24.48        22.76            2    Stage 2 Local
    4902   115818       4.128         20.24        20.24        22.64            2    Stage 2 Local
    4904   116357       4.128         20.23        20.24        18.88            2    Stage 2 Local
    4912   116484       4.128         20.23        20.23        22.59            2    Stage 2 Local
    4934   116826       4.128         20.24        24.48        19.47            2    Stage 2 Local
    4935   117641       4.128         20.24        20.24        19.46            2    Stage 2 Local
    4937   117741       4.128         20.24        20.24        22.78            2    Stage 2 Local
    4939   117967       4.128         20.23        20.24        22.77            2    Stage 2 Local
    4950   118310       4.128         20.23        20.23        20.69            2    Stage 2 Local
    4967   118487       4.128         20.23        20.23        23.01            2    Stage 2 Local
    4989   118799       4.128         20.24        24.48        21.62            2    Stage 2 Local
    4990   119492       4.128         20.23        20.24        17.27            2    Stage 2 Local
    5000   119502       4.128         20.24        20.23                              Stage 2 Search

GlobalSearch stopped because it analyzed all the trial points.

All 330 local solver runs converged with a positive local solver exit flag.