    Run       Local       Local      Local    Local   First-order
   Index     exitflag      f(x)     # iter   F-count   optimality
       1         2        244.7         2        76         655.7
       2         2        12.58        21       448     2.273e+04
       3         2        284.6        18       399         210.3
       4         2        233.3        11       281     4.297e+08
       5         2         24.9        42       882         16.37
       6         2        285.5        16       362          2221
       7         2        276.5         9       221          1118
       8         2        283.2         6       158          6695
       9         2        30.29         6       152     2.228e+04
      10         2        240.9         6       161          2280
      11         2        273.2        13       305         814.9
      12         2        10.18        19       442      3.86e+04
      13         2        3.579        62      1303         283.2
      14         2          271        10       253         65.35
      15         2        4.776        41       874     5.796e+04
      16         2        12.14         7       182          1871
      17         2        5.375        17       396          3464
      18         2        6.317        14       339          1451
      19         2        5.786        39       834          2598
      20         2        285.4         6       155         138.3
      21         2        235.8        12       305     2.595e+08
      22         2        7.524        23       539         518.9
      23         2        7.322        11       260      2.14e+04
      24         2        56.63         9       226     1.298e+04
      25         2        276.3        11       291           737
      26         2        17.51        31       668         92.88
      27         2        4.311        28       639     5.717e+04
      28         2        3.021        68      1445          1838
      29         2         7.17        14       327          7093
      30         2        280.2        62      1237         3.406
      31         2        278.3        13       304         603.4
      32         2        9.059         9       224     3.679e+04
      33         2        4.577        43       905     1.203e+04
      34         2        281.5         6       149         593.3
      35         2        266.7        11       274     1.878e+08
      36         2        10.18         9       220          9369
      37         2        259.8        12       281     1.918e+08
      38         2        17.44        12       292     4.581e+04
      39         2        12.61         5       139          8259
      40         2        7.617        33       733     1.444e+05
      41         2        288.2        10       249         607.1
      42         2        5.511        28       607     2.717e+05
      43         2        9.912        11       266          1630
      44         2        8.015        22       473     5.025e+04
      45         2        283.4        12       275          2572
      46         2        50.73         7       179          2505
      47         2        4.123        31       699     3.308e+04
      48         2        284.5        19       458          2255
      49         2        29.53        19       415     2.813e+04
      50         2          3.4        43       906          1350
      51         2        238.7        24       547     2.255e+08
      52         2        224.9         9       229     3.469e+08
      53         2        8.692        42       888      2.24e+04
      54         2        274.1        25       544          2651
      55         2        227.5         8       210          1873
      56         2        268.4        13       305     3.442e+08
      57         2        238.1        12       292         251.6
      58         2        8.405         8       200     8.884e+04
      59         2        13.24        16       377     2.502e+04
      60         2        243.8         9       227      2.21e+08
      61         2        257.6        15       371     2.161e+08
      62         2        4.103        61      1264          1964
      63         2        284.8        21       473           506
      64         2          6.7        17       372     5.793e+04
      65         2        278.1         8       211     1.517e+08
      66         2        3.011        44       938          8026
      67         2        264.2        17       396          5288
      68         2        289.7         9       219          1034
      69         2        5.738        16       361     4.902e+04
      70         2        280.9        45       908         170.6
      71         2        262.5        13       318          1497
      72         2        246.4        14       338     2.151e+08
      73         2        279.8        35       817         6.978
      74         2        279.3        27       609     1.184e+08
      75         2        280.9        13       288          3410
      76         2        12.01        28       610     1.225e+04
      77         2        284.3         9       214          31.9
      78         2        6.527        25       577     1.868e+04
      79         2        112.7         5       133          3888
      80         2        14.36        28       634          1030
      81         2        291.2         4       111         822.4
      82         2        281.4        20       475         233.9
      83         2        3.898        42       875     1.107e+04
      84         2        4.239        40       873          1264
      85         2        282.7        11       267          2883
      86         2        275.6        14       330      4.21e+08
      87         2        8.714        25       556     1.107e+05
      88         2        267.2        12       285          3049
      89         2        8.551        11       263          3231
      90         2        287.4         9       237         16.61
      91         2        281.4        19       419         699.4
      92         2        262.9        15       379     1.879e+08
      93         2        242.6        10       260     2.176e+08
      94         2        10.67        14       328          1996
      95         2        23.88        26       541          3360
      96         2        262.2        22       512         204.4
      97         2        5.041        24       529     3.331e+05
      98         2        2.957        58      1197          1343
      99         2        17.12         4       118     1.583e+04
     100         2          266        13       312     1.939e+08
     101         2        20.68       116      2365          1642
     102         2        268.9         5       140         632.6
     103         2        268.1        11       269      2.28e+08
     104         2        5.958        31       652     2.512e+04
     105         2        3.758        40       866         248.8
     106         2        281.2        35       770     1.858e+08
     107         2        264.9         7       177     2.796e+08
     108         2        281.2         8       204          1278
     109         2        277.1         4       118           392
     110         2        4.609        18       415     4.562e+04
     111         2        4.085        67      1380     1.969e+05
     112         2        237.1        12       306     2.118e+08
     113         2        2.902        57      1207     3.232e+04
     114         2        5.145        29       679     2.354e+04
     115         2        283.2        13       292          1812
     116         2        236.5        15       363         198.9
     117         2         19.8        39       787          4946
     118         2        4.404        32       680          2907
     119         2        9.321        13       295     3.968e+04
     120         2        282.8        11       253         330.7
     121         2        4.625        72      1497         50.27
     122         2        3.385        48      1013          2475
     123         2        241.2        12       286     2.282e+08
     124         2        285.7         3        96         132.7
     125         2        279.9        93      1895         1.043
     126         2        225.9         5       137     2.997e+07
     127         2        10.91         9       230           466
     128         2        286.4         1        54         334.1
     129         2        281.4        29       652           134
     130         2        238.8        11       262     2.315e+08
     131         2        275.7        19       447       1.6e+08
     132         2        282.7        18       418         161.9
     133         2        7.889        23       515     2.928e+04
     134         2        7.272        14       344          1172
     135         2         4.55        52      1072     2.198e+05
     136         2        12.81        16       349      1.96e+04
     137         2        261.4        13       320     4.942e+08
     138         2        4.684        14       330     1.218e+05
     139         2        46.42         4       121     3.034e+04
     140         2        285.6        12       293         884.1
     141         2        255.2         7       181         736.5
     142         2        275.4         8       204         376.8
     143         2        274.6        11       267          2714
     144         2        9.128        11       260     1.321e+05
     145         2        47.62         4       136          9699
     146         2        279.3        35       783         25.03
     147         2        239.3        29       708     5.448e+08
     148         2        255.4         9       230           107
     149         2        274.2        10       239     1.674e+08
     150         2        5.107        35       784      7.93e+04
     151         2        9.077        13       312         587.2
     152         2        224.7         9       247     2.084e+08
     153         2        281.6        14       321          4091
     154         2        262.9         9       223         209.6
     155         2        16.93         3        97          3489
     156         2        16.49        20       450     2.389e+04
     157         2        12.48         7       183          5478
     158         2         7.34        27       584          7186
     159         2        6.325        23       506          4753
     160         2        19.62         7       176     1.696e+04
     161         2        3.588        42       918     1.713e+04
     162         2        3.264        44       941     1.622e+04
     163         2        284.6        10       246         469.6
     164         2        240.7        10       248         542.8
     165         2        261.4        15       373         122.5
     166         2        28.23         3        95          8074
     167         2        26.11        13       304     2.507e+04
     168         2        7.097         7       179          1614
     169         2        4.523        34       754     3.693e+05
     170         2         11.6        14       335          7014
     171         2        15.11         3        96     7.489e+04
     172         2        280.3        27       610         50.24
     173         2        32.56         9       225         171.7
     174         2        284.2        22       493          5540
     175         2        47.43        10       275         986.6
     176         2        278.5        23       516     2.065e+08
     177         2        4.183        30       661     9.075e+04
     178         2        7.683        31       669          6606
     179         2        32.19        11       263         911.4
     180         2        263.9        28       652     1.817e+08
     181         2        280.1         7       197         10.28
     182         2        252.1        10       254         328.7
     183         2        18.39        30       621     1.341e+04
     184         2         8.14        17       383     2.229e+05
     185         2        240.8        13       305     2.407e+08
     186         2        247.5         2        78          1462
     187         2        4.556        25       520          8582
     188         2        41.08         3        92          2246
     189         2        5.511        30       671     2.782e+04
     190         2        279.4        14       304         890.8
     191         2        284.3         5       134          1296
     192         2          282        11       260     1.561e+08
     193         2        266.5        13       318         331.7
     194         2        8.647        20       462          4098
     195         2        261.3        21       494     2.053e+08
     196         2        263.3        17       398         241.3
     197         2        283.9        14       331          6190
     198         2         8.01        22       503     7.368e+04
     199         2        272.7        16       383     1.642e+08
     200         2        276.3         9       229     1.708e+08

MultiStart completed the runs from all start points.

All 200 local solver runs converged with a positive local solver exit flag.