Multi-objective optimization:
17 Variable(s)

Options:
CreationFcn:       @gacreationuniform
CrossoverFcn:      @crossoverintermediate
SelectionFcn:      @selectiontournament
MutationFcn:       @mutationadaptfeasible

                              Average            Average
Generation   Func-count    Pareto distance    Pareto spread
    1           200                 1                 1
    2           400        0.00326365           1.00003
    3           600        0.00168197          0.937277
    4           800       0.000658231           0.28915
    5          1000       0.000399939          0.357857
    6          1200       0.000283872          0.435447
    7          1400       0.000214789          0.404795
    8          1600       0.000133491          0.284856
    9          1800       0.000118829          0.250273
   10          2000       8.55092e-05          0.199869
   11          2200       7.44312e-05          0.185641
   12          2400       7.74074e-05           0.20036
   13          2600          0.109943           1.00179
   14          2800          0.109944           4.02743
   15          3000          0.109932           3.99251
   16          3200          0.109933           4.03793
   17          3400          0.109934           3.98923
   18          3600          0.109935           4.04271
   19          3800          0.109934           4.02097
   20          4000          0.109944           4.04233
   21          4200          0.109943           4.03984
   22          4400          0.109933           4.04108
   23          4600          0.109933            4.0412
   24          4800          0.109932            4.0387
   25          5000          0.109934           4.03792
   26          5200          0.109933           4.02686
   27          5400          0.109942           4.03678
   28          5600          0.109943           4.03882
   29          5800          0.109929           4.03301
   30          6000           0.10993           4.03552

                              Average            Average
Generation   Func-count    Pareto distance    Pareto spread
   31          6200          0.109931            4.0369
   32          6400          0.110736           4.00702
   33          6600          0.110736           4.00821
   34          6800          0.110735           4.00501
   35          7000          0.110735           4.00571
   36          7200          0.110738           4.00738
   37          7400          0.110736           4.00452
   38          7600          0.110738           4.00791
   39          7800          0.110737           4.00609
   40          8000          0.110736           4.00431
   41          8200          0.110738           4.00904
   42          8400          0.111558           3.97286
   43          8600          0.111559           3.97459
   44          8800          0.111559           3.97447
   45          9000           0.11156           3.97604
   46          9200          0.111559           3.97333
   47          9400           0.11156           3.97652
   48          9600          0.111559           3.97343
   49          9800           0.11156           3.97639
   50         10000          0.111559           3.97521
   51         10200          0.110752           3.99296
   52         10400          0.110752             4.003
   53         10600          0.110734           4.00218
   54         10800          0.110733            4.0012
   55         11000          0.110734           4.00215
   56         11200          0.101342           4.02517
   57         11400          0.101342           4.02437
   58         11600          0.101346           4.02765
   59         11800          0.101347           4.02553
   60         12000          0.101348           4.02778

                              Average            Average
Generation   Func-count    Pareto distance    Pareto spread
   61         12200          0.101347            4.0247
   62         12400          0.101347           4.02564
   63         12600          0.101348           4.02899
   64         12800          0.101347           4.02656
   65         13000          0.101347           4.02592
   66         13200          0.101347           4.02521
   67         13400          0.101346           4.02395
   68         13600          0.101346           4.02379
   69         13800          0.101347           4.02543
   70         14000          0.101347           4.02445
   71         14200          0.101345           4.02071
   72         14400          0.101345           4.02065
   73         14600          0.101346           4.02252
   74         14800          0.101345           4.02058
   75         15000          0.101346           4.02411
   76         15200          0.101347           4.02512
   77         15400          0.101348           4.02709
   78         15600         0.0842387           4.00997
   79         15800         0.0842385           4.00927
   80         16000          0.084239           4.01097
   81         16200         0.0842382           4.00851
   82         16400         0.0842384           4.00892
   83         16600         0.0842383           4.00867
   84         16800         0.0842389           4.01078
   85         17000         0.0842378           4.00707
   86         17200         0.0842384           4.00903
   87         17400         0.0842335           3.98365
   88         17600         0.0918676           3.65698
   89         17800         0.0854831           3.94013
   90         18000         0.0842376           4.00352

                              Average            Average
Generation   Func-count    Pareto distance    Pareto spread
   91         18200         0.0842382           4.00546
   92         18400         0.0842379           4.00451
   93         18600         0.0842371           4.00202
   94         18800         0.0842377           4.00394
   95         19000         0.0842381           4.00528
   96         19200         0.0842377           4.00393
   97         19400         0.0842367           4.00002
   98         19600         0.0842373           4.00181
   99         19800         0.0461721            1.0015
  100         20000         0.0461716           3.92452
  101         20200          0.046172           3.92648
  102         20400          0.046172           3.92639
  103         20600         0.0461725            3.9293
  104         20800         0.0461725           3.92926
  105         21000         0.0461697           3.93309
  106         21200         0.0461723           3.92842
  107         21400         0.0461725           3.92907
  108         21600         0.0461689           3.92872
  109         21800         0.0461715           3.92797
  110         22000         0.0468582           3.61974
  111         22200         0.0461751           3.94813
  112         22400         0.0461722           3.95089
  113         22600         0.0461756           3.95043
  114         22800          0.046176           3.95307
  115         23000         0.0521821           3.47953
  116         23200         0.0542245           3.34284
  117         23400         0.0531739           3.41187
  118         23600         0.0531739           3.41187
  119         23800           0.05715           3.16368
  120         24000         0.0765762           2.31222

                              Average            Average
Generation   Func-count    Pareto distance    Pareto spread
  121         24200         0.0737042           2.41096
  122         24400         0.0737042           2.41096
  123         24600         0.0737042           2.41096
  124         24800         0.0688109           2.59718
  125         25000         0.0688109           2.59718
  126         25200         0.0656875           2.37909
  127         25400         0.0621511           2.85232
  128         25600         0.0605842           2.93071
  129         25800         0.0571408           2.75447
  130         26000         0.0571442           1.00297
  131         26200         0.0542195           3.33735
  132         26400         0.0542276           3.03851
  133         26600         0.0536963            3.4085
  134         26800         0.0521856           3.51136
  135         27000           0.05171           3.54501
  136         27200         0.0507906            3.4608
  137         27400         0.0495069            3.6855
  138         27600         0.0577913           3.13552
  139         27800         0.0571473           3.17269
  140         28000         0.0571299           3.10393
  141         28200         0.0558993           3.00016
  142         28400         0.0638314            2.7443
  143         28600         0.0638312           2.74429
  144         28800         0.0629675           2.78451
  145         29000         0.0707804           2.17864
  146         29200           0.06628           2.34235
  147         29400         0.0734016           2.09196
  148         29600         0.0720549           2.13572
  149         29800         0.0684192           2.26196
  150         30000         0.0684192           2.26196

                              Average            Average
Generation   Func-count    Pareto distance    Pareto spread
  151         30200         0.0673239            2.3025
  152         30400         0.0662794           2.34233
  153         30600         0.0625396           2.48434
  154         30800         0.0625396           2.49634
  155         31000         0.0616993           2.53316
  156         31200         0.0553979            2.8396
  157         31400         0.0548117           2.87304
  158         31600         0.0521325           3.02963
  159         31800         0.0481618           1.00447
  160         32000         0.0459661           3.38726
  161         32200         0.0470241           3.36671
  162         32400         0.0501482           3.13446
  163         32600         0.0552845           2.82722
  164         32800         0.0525293            2.9848
  165         33000         0.0571606           2.72829
  166         33200         0.0607623           2.55494
  167         33400         0.0671921             2.251
  168         33600         0.0661499           2.34081
  169         33800         0.0624172           2.49371
  170         34000         0.0642154            2.4302
  171         34200         0.0624299           2.50678
  172         34400         0.0632962           2.46089
  173         34600         0.0624176            2.4937
  174         34800         0.0607731           2.56674
  175         35000         0.0592519           2.63776
  176         35200         0.0599981           2.60249
  177         35400         0.0585328           2.67256
  178         35600         0.0592519           2.63776
  179         35800         0.0578392           2.70692
  180         36000         0.0585326           2.67255

                              Average            Average
Generation   Func-count    Pareto distance    Pareto spread
  181         36200         0.0571697           2.74084
  182         36400         0.0558974           2.80746
  183         36600         0.0552924           2.84018
  184         36800         0.0592521           2.63777
  185         37000         0.0571698           2.74084
  186         37200         0.0535884           2.93616
  187         37400         0.0535886           2.93617
  188         37600         0.0515436           3.05947
  189         37800         0.0506091           3.08084
  190         38000          0.048073           3.30517
  191         38200         0.0455432            3.3104
  192         38400         0.0455431           3.48105
  193         38600          0.045543           3.48104
  194         38800         0.0455429           3.48103
  195         39000         0.0455429           3.48103
  196         39200         0.0458794           3.45441
  197         39400         0.0458794           3.45441
  198         39600         0.0455398            3.4808
  199         39800         0.0462186           3.42048
  200         40000         0.0455381           3.47381
  201         40200         0.0418352           3.19134
  202         40400          0.041835           3.19133
  203         40600          0.041835           3.19132
  204         40800          0.041835           3.19157
  205         41000         0.0418351           3.19154
  206         41200         0.0418351           3.19188
  207         41400          0.041835           3.19132
  208         41600          0.041833           3.19179
  209         41800         0.0418329           3.19145
  210         42000         0.0427775           3.11711

                              Average            Average
Generation   Func-count    Pareto distance    Pareto spread
  211         42200         0.0418331           3.19205
  212         42400         0.0418332           3.19233
  213         42600         0.0418335           3.19356
  214         42800         0.0418335           3.19369
  215         43000         0.0418309             3.192
  216         43200          0.041831            3.1923
  217         43400         0.0418315           3.19451
  218         43600           0.04183           3.19213
  219         43800         0.0418305           3.19451
  220         44000         0.0418299           3.19247
  221         44200         0.0418302           3.19355
  222         44400         0.0418305           3.19443
  223         44600         0.0418303           3.19372
  224         44800         0.0418305           3.19437
  225         45000         0.0418302           3.19362
  226         45200         0.0418305           3.19448
  227         45400         0.0419493           3.20112
  228         45600         0.0418725           3.19534
  229         45800         0.0418732           3.19827
  230         46000          0.041873           3.19758
  231         46200         0.0418731           3.19785
  232         46400         0.0419639           3.20386
  233         46600         0.0419637           3.20435
  234         46800         0.0419647           3.20765
  235         47000         0.0419638            3.2045
  236         47200         0.0419652           3.20907
  237         47400         0.0419636           3.20367
  238         47600         0.0419648           3.20914
  239         47800         0.0419654           3.21043
  240         48000          0.041658           3.23664

                              Average            Average
Generation   Func-count    Pareto distance    Pareto spread
  241         48200         0.0416168           3.23577
  242         48400          0.041616           3.23292
  243         48600         0.0416159           3.23263
  244         48800         0.0416743           3.23617
  245         49000         0.0416743           3.23608
  246         49200         0.0416743           3.23637
  247         49400         0.0416308           3.23561
  248         49600          0.041632            3.2396
  249         49800          0.041933           3.21181
  250         50000         0.0419326           3.21024
  251         50200         0.0419332           3.21222
  252         50400         0.0419333           3.21248
  253         50600         0.0419337           3.21394
  254         50800         0.0419327            3.2108
  255         51000         0.0419326           3.21043
  256         51200         0.0419329           3.21145
  257         51400         0.0419334           3.21315
  258         51600         0.0419327           3.21068
  259         51800         0.0419337            3.2138
  260         52000         0.0419329           3.21116
  261         52200         0.0419331            3.2121
  262         52400         0.0419358           3.10241
  263         52600         0.0419347           3.21833
  264         52800         0.0419353           3.22057
  265         53000         0.0419357           3.22187
  266         53200         0.0419352           3.21997
  267         53400         0.0419356            3.2215
  268         53600         0.0419348           3.21884
  269         53800         0.0419353           3.22044
  270         54000         0.0419311            3.2206

                              Average            Average
Generation   Func-count    Pareto distance    Pareto spread
  271         54200         0.0419317           3.22267
  272         54400         0.0419322           3.22454
  273         54600         0.0419321           3.22423
  274         54800         0.0419296           3.21566
  275         55000         0.0419305           3.21846
  276         55200         0.0422394           3.19437
  277         55400         0.0422389           3.19298
  278         55600         0.0422399           3.19638
  279         55800           0.04224           3.19667
  280         56000         0.0422397           3.19547
  281         56200         0.0422393           3.19426
  282         56400         0.0422397           3.19547
  283         56600         0.0422385           3.19156
  284         56800         0.0422387           3.19237
  285         57000         0.0422389           3.19315
  286         57200         0.0422391           3.19361
  287         57400         0.0422391           3.19386
  288         57600         0.0422385           3.19166
  289         57800         0.0422378           3.18949
  290         58000          0.042239            3.1935
  291         58200         0.0422402           3.19731
  292         58400         0.0422388           3.19261
  293         58600         0.0422395           3.19508
  294         58800         0.0422401           3.11709
  295         59000         0.0422384           2.68142
  296         59200         0.0422386           3.19224
  297         59400         0.0422394            3.1947
  298         59600         0.0422387           3.19212
  299         59800         0.0422387           3.19222
  300         60000         0.0422397           3.19538

                              Average            Average
Generation   Func-count    Pareto distance    Pareto spread
  301         60200         0.0422382           3.19057
  302         60400         0.0422384           3.19141
  303         60600         0.0422392           3.19371
  304         60800         0.0422382           3.19078
  305         61000         0.0422388           3.19252
  306         61200         0.0422399           3.19618
  307         61400          0.042239           3.19347
  308         61600         0.0422402           3.19731
  309         61800         0.0422398           3.19606
  310         62000         0.0422397           3.19557
  311         62200          0.029846           2.89144
  312         62400         0.0298441           2.88421
  313         62600         0.0298443           2.88524
  314         62800         0.0298445           2.88589
  315         63000         0.0298449            2.8871
  316         63200         0.0298452           2.88828
  317         63400         0.0298461           2.89112
  318         63600         0.0298457           2.88996
  319         63800         0.0298454           2.88901
  320         64000         0.0298456           2.88972
  321         64200         0.0298448           2.88676
  322         64400         0.0298447           2.88635
  323         64600         0.0298451           2.88813
  324         64800         0.0298347           2.88838
  325         65000         0.0298341           2.88633
  326         65200         0.0298348           2.88863
  327         65400         0.0298341           2.88619
  328         65600         0.0298345            2.8876
  329         65800         0.0298351           2.88965
  330         66000         0.0298358           2.89231

                              Average            Average
Generation   Func-count    Pareto distance    Pareto spread
  331         66200         0.0298349           2.88905
  332         66400         0.0298306           2.88957
  333         66600         0.0298297           2.88639
  334         66800         0.0298302           2.88798
  335         67000         0.0298299           2.88708
  336         67200           0.02983           2.88718
  337         67400         0.0298303           2.88839
  338         67600         0.0298309           2.89034
  339         67800         0.0298302           2.88804
  340         68000         0.0298301           2.88781
  341         68200         0.0298303           2.88828
  342         68400         0.0298306           2.88932
  343         68600           0.01455           2.20695
  344         68800         0.0145488           2.20312
  345         69000         0.0145482            2.2013
  346         69200         0.0145494           2.20524
  347         69400         0.0145494           2.20543
  348         69600         0.0145498           2.20674
  349         69800         0.0146059           2.21326
  350         70000         0.0145902            2.2098
  351         70200           0.01459           2.20928
  352         70400         0.0145892           2.20678
  353         70600         0.0145922           2.21675
  354         70800         0.0145898           2.20839
  355         71000         0.0145919           2.21551
  356         71200         0.0145911            2.2129
  357         71400          0.014592           2.21638
  358         71600         0.0145908           2.21222
  359         71800         0.0145906           2.21156
  360         72000         0.0145911            2.2131

                              Average            Average
Generation   Func-count    Pareto distance    Pareto spread
  361         72200         0.0145923           2.21721
  362         72400         0.0145903           2.21064
  363         72600         0.0145909           2.21263
  364         72800          0.014592           2.21638
  365         73000         0.0145915           2.21455
  366         73200         0.0145899           2.20917
  367         73400         0.0145905           2.21118
  368         73600         0.0145907           2.21173
  369         73800         0.0145911           2.21514
  370         74000         0.0145907           2.21361
  371         74200         0.0145904           2.21262
  372         74400         0.0145896           2.20994
  373         74600         0.0145911           2.21503
  374         74800         0.0145922           2.21967
  375         75000         0.0145898           2.21129
  376         75200           0.01459           1.00823
  377         75400         0.0145905             2.213
  378         75600         0.0145902           2.21224
  379         75800         0.0145926           2.22005
  380         76000         0.0145922           2.21902
  381         76200         0.0145903           2.21053
  382         76400         0.0145895           2.20763
  383         76600         0.0145901           2.20958
  384         76800         0.0145893           2.20696
  385         77000         0.0145901           2.20968
  386         77200         0.0145917             2.215
  387         77400         0.0145909           2.21225
  388         77600         0.0145897           2.20833
  389         77800         0.0145911           2.21311
  390         78000         0.0145903           2.21032

                              Average            Average
Generation   Func-count    Pareto distance    Pareto spread
  391         78200         0.0145912           2.21335
  392         78400         0.0145905           2.17621
  393         78600         0.0145912           2.21314
  394         78800         0.0145915           2.21418
  395         79000          0.014592           2.21597
  396         79200         0.0145918           2.21511
  397         79400         0.0145934           2.09691
  398         79600         0.0145926           2.21796
  399         79800         0.0145912            2.2133
  400         80000         0.0145929           2.21876
  401         80200         0.0145921           2.21648
  402         80400         0.0145933           2.22032
  403         80600          0.014593           2.21903
  404         80800         0.0145901           2.21117
  405         81000        0.00978572           1.00587
  406         81200        0.00978488           2.40399
  407         81400        0.00978511            2.4058
  408         81600        0.00978582            2.4104
  409         81800        0.00978689           2.41767
  410         82000        0.00978614            2.4123
  411         82200        0.00978564           2.40936
  412         82400        0.00978684           2.41714
  413         82600         0.0097871           2.41076
  414         82800        0.00978749           2.41354
  415         83000        0.00978826           2.41862
  416         83200        0.00978721           2.41163
  417         83400        0.00978686           2.40925
  418         83600        0.00978763           2.41428
  419         83800        0.00978765           2.41445
  420         84000        0.00978632           2.40562

                              Average            Average
Generation   Func-count    Pareto distance    Pareto spread
  421         84200        0.00978636           2.40566
  422         84400        0.00978716           2.41101
  423         84600        0.00978766           2.41459
  424         84800        0.00978754           2.41354
  425         85000         0.0097887            2.4189
  426         85200        0.00978749           2.41048
  427         85400         0.0097867           2.40536
  428         85600        0.00978702           2.40717
  429         85800        0.00985805           2.39828
  430         86000        0.00985653           2.38844
  431         86200        0.00985788           2.39713
  432         86400        0.00985859           1.01168
  433         86600        0.00985701           2.39127
  434         86800         0.0098584           2.40059
  435         87000        0.00985828            2.3995
  436         87200        0.00985757           2.39521
  437         87400        0.00985871           2.40238
  438         87600        0.00985685           2.39029
  439         87800        0.00985716           2.39217
  440         88000        0.00985633           2.38675
  441         88200        0.00985714           2.39198
  442         88400        0.00985813           2.39853
  443         88600        0.00985731           2.39334
  444         88800        0.00985681           2.39003
  445         89000        0.00985795           2.39771
  446         89200        0.00985749           2.39485
  447         89400        0.00985626           2.38695
  448         89600        0.00985651           2.38848
  449         89800        0.00985635           2.38304
  450         90000        0.00985702           2.39156

                              Average            Average
Generation   Func-count    Pareto distance    Pareto spread
  451         90200        0.00985817           2.39919
  452         90400        0.00985638           2.39873
  453         90600        0.00985522           2.39193
  454         90800        0.00985681           2.40232
  455         91000        0.00985591            2.3965
  456         91200        0.00985604           2.39702
  457         91400        0.00985326           2.19864
  458         91600        0.00985446           2.38561
  459         91800        0.00985377           2.38083
  460         92000        0.00985279           2.37978
  461         92200        0.00985255           2.37808
  462         92400        0.00985262           2.37841
  463         92600        0.00985316           2.38207
  464         92800        0.00985414           2.38836
  465         93000        0.00985395           2.38722
  466         93200        0.00985365            2.3853
  467         93400        0.00985407           2.38895
  468         93600        0.00985327           2.38397
  469         93800        0.00985331           2.38439
  470         94000        0.00985458           2.39225
  471         94200        0.00985382           2.38738
  472         94400        0.00985327           2.38388
  473         94600        0.00985364           2.38621
  474         94800        0.00985244           2.37862
  475         95000        0.00985297           2.38203
  476         95200        0.00985294           2.38192
  477         95400        0.00985395           2.38834
  478         95600        0.00992444           2.36581
  479         95800        0.00992468           2.36736
  480         96000        0.00992275           2.35503

                              Average            Average
Generation   Func-count    Pareto distance    Pareto spread
  481         96200        0.00992371            2.3609
  482         96400        0.00992572           2.37166
  483         96600        0.00992502           2.36733
  484         96800        0.00992319           2.35598
  485         97000        0.00992462           2.36519
  486         97200        0.00992547           2.37011
  487         97400        0.00683762           2.99296
  488         97600        0.00683794           2.99977
  489         97800        0.00683932            3.0316
  490         98000        0.00688907           2.99854
  491         98200        0.00688877           2.99123
  492         98400        0.00688853           2.98903
  493         98600        0.00688881           2.99375
  494         98800        0.00662227           2.98324
  495         99000        0.00662276           2.99286
  496         99200        0.00662296           2.99822
  497         99400        0.00662324           3.00486
  498         99600         0.0066217           2.97043
  499         99800        0.00662281           2.99377
  500        100000        0.00662333           3.00563
  501        100200        0.00667203           2.98448
  502        100400        0.00667132           2.96996
  503        100600        0.00667097           2.96289
  504        100800        0.00662234           2.67084
  505        101000        0.00662243           2.99141
  506        101200        0.00662264           2.99389
  507        101400        0.00662184           2.97727
  508        101600        0.00662257           2.99228
  509        101800          0.006622           2.98023
  510        102000        0.00662228           2.98706

                              Average            Average
Generation   Func-count    Pareto distance    Pareto spread
  511        102200        0.00662316           3.00603
  512        102400        0.00662279           2.76411
  513        102600         0.0066232           3.00496
  514        102800        0.00662189           2.97763
  515        103000        0.00662261           2.99321
  516        103200        0.00662209            2.9808
  517        103400        0.00662202           2.97938
  518        103600        0.00662205           2.98014
  519        103800        0.00662191           1.18387
  520        104000         0.0066218           2.97516
  521        104200         0.0066217           2.97476
  522        104400        0.00662218           2.98516
  523        104600         0.0066222           2.98596
  524        104800        0.00662229           2.98712
  525        105000        0.00662249           2.98703
  526        105200        0.00662432           2.98183
  527        105400        0.00662449            2.9864
  528        105600        0.00667479           3.00175
  529        105800        0.00667363           2.97691
  530        106000        0.00667362           2.97235
  531        106200        0.00667366           2.97117
  532        106400         0.0068497           3.06388
  533        106600        0.00684935           3.05649
  534        106800        0.00684786           3.06045
  535        107000        0.00684744           3.05154
  536        107200        0.00684644           3.04695
  537        107400        0.00684632           3.06707
  538        107600        0.00684643           3.07706
  539        107800        0.00684507           3.04808
  540        108000        0.00684617            3.0779

                              Average            Average
Generation   Func-count    Pareto distance    Pareto spread
  541        108200        0.00684539           3.05838
  542        108400        0.00684425           3.03383
  543        108600        0.00684517           3.05315
  544        108800        0.00684547            3.0595
  545        109000        0.00684591           3.06989
  546        109200        0.00684612           1.67642
  547        109400        0.00684504           3.04964
  548        109600        0.00684441           3.03462
  549        109800        0.00684545           3.05843
  550        110000        0.00684585           3.06732
  551        110200         0.0068452           3.05282
  552        110400        0.00684587           3.06709
  553        110600        0.00684632           3.07944
  554        110800        0.00684559            3.0681
  555        111000        0.00684583           3.07341
  556        111200        0.00684459           3.04674
  557        111400        0.00684538           3.06366
  558        111600        0.00684679            3.0963
  559        111800        0.00684469           3.04725
  560        112000        0.00684463            3.0516
  561        112200        0.00684524           3.06464
  562        112400        0.00684571           3.07477
  563        112600        0.00672314           2.99375
  564        112800        0.00672369            1.6988
  565        113000        0.00672317           2.99505
  566        113200        0.00672451           3.02166
  567        113400        0.00672451           3.01226
  568        113600        0.00672473           3.01776
  569        113800        0.00672509           3.02525
  570        114000        0.00672473           3.01619

                              Average            Average
Generation   Func-count    Pareto distance    Pareto spread
  571        114200        0.00667472           2.87448
  572        114400        0.00667479           3.02073
  573        114600        0.00667665           3.06081
  574        114800        0.00667552           3.03588
  575        115000        0.00667482           3.02169
  576        115200        0.00667453           3.02178
  577        115400        0.00667419            3.0157
  578        115600        0.00667521           3.03705
  579        115800        0.00667512           3.03462
  580        116000        0.00667409           3.01254
  581        116200        0.00667467           3.02585
  582        116400        0.00667458           3.02311
  583        116600        0.00667451           3.02307
  584        116800        0.00667504           3.03428
  585        117000        0.00667544           3.04288
  586        117200        0.00667507            3.0344
  587        117400        0.00667524           3.03585
  588        117600        0.00667473           3.02471
  589        117800        0.00667419           3.01257
  590        118000        0.00667519           3.03675
  591        118200        0.00667483           3.02861
  592        118400        0.00667476           3.02682
  593        118600        0.00667547           3.04165
  594        118800        0.00667531           3.03895
  595        119000        0.00667551           3.04471
  596        119200        0.00667537           3.04155
  597        119400        0.00667541           3.04062
  598        119600         0.0067238           3.00222
  599        119800        0.00672472             3.023
  600        120000        0.00672417            3.0116

                              Average            Average
Generation   Func-count    Pareto distance    Pareto spread
  601        120200          0.006724           3.00416
  602        120400        0.00672467            3.0206
  603        120600          0.006725           3.02764
  604        120800        0.00672413           3.00922
  605        121000        0.00672314           2.98825
  606        121200        0.00672412           2.99012
  607        121400        0.00672541           3.01789
  608        121600        0.00672425           2.99573
  609        121800        0.00672568           3.02413
  610        122000         0.0067242           2.99053
  611        122200        0.00672529           3.01346
  612        122400        0.00672515           3.01138
  613        122600        0.00672483           3.00978
  614        122800        0.00672428           2.99676
  615        123000        0.00672459           3.00289
  616        123200        0.00672558           3.02567
  617        123400        0.00672459           3.00597
  618        123600         0.0067239            2.9899
  619        123800        0.00684469           3.03525
  620        124000        0.00679676           2.99126
  621        124200        0.00679683            3.1048
  622        124400        0.00679626           3.09238
  623        124600        0.00679652           3.09651
  624        124800        0.00679683           3.09814
  625        125000        0.00679616           3.08284
  626        125200        0.00679704           3.09639
  627        125400        0.00684694           3.07078
  628        125600        0.00684703           3.07356
  629        125800         0.0068463           3.05721
  630        126000        0.00684833           3.05872

                              Average            Average
Generation   Func-count    Pareto distance    Pareto spread
  631        126200         0.0068485             3.064
  632        126400        0.00684764           3.04636
  633        126600        0.00723844           2.10793
  634        126800        0.00680354           3.22828
  635        127000        0.00680518           3.28605
  636        127200        0.00680537           3.29268
  637        127400        0.00743336           2.19131
  638        127600        0.00709228           1.60558
  639        127800        0.00687188            2.9855
  640        128000        0.00680174            2.9998
  641        128200         0.0120407           1.54968
  642        128400         0.0120341           1.54884
  643        128600         0.0126149           1.46123
  644        128800         0.0126204           1.46186
  645        129000         0.0120349           1.54893
  646        129200         0.0117693            1.5905
Optimization terminated: time limit exceeded.