Single objective optimization:
17 Variable(s)

Options:
CreationFcn:       @gacreationuniform
CrossoverFcn:      @crossoverscattered
SelectionFcn:      @selectionstochunif
MutationFcn:       @mutationadaptfeasible

                                  Best           Mean      Stall
Generation      Func-count        f(x)           f(x)    Generations
    1              400           3.449           18.03        0
    2              590           3.449           28.26        0
    3              780           3.449           27.61        1
    4              970           3.449            31.5        2
    5             1160           3.449            33.3        0
    6             1350           3.449           33.35        1
    7             1540           3.449           27.08        0
    8             1730           3.449           27.49        1
    9             1920           3.449           27.48        2
   10             2110           3.449           19.64        0
   11             2300           3.449           23.38        1
   12             2490           3.449           23.16        2
   13             2680           3.449           15.27        3
   14             2870           3.449           13.08        4
   15             3060           3.449           10.38        5
   16             3250           3.449           7.699        6
   17             3440           3.449           6.832        7
   18             3630           3.449           5.243        8
   19             3820           3.449           5.328        0
   20             4010           3.449           5.252        0
   21             4200           3.449           4.834        1
   22             4390           3.449           4.333        0
   23             4580           3.448           4.253        0
   24             4770           3.448           4.906        0
   25             4960           3.448           5.447        0
   26             5150           3.448           10.34        0
   27             5340           3.448           8.949        0
   28             5530           3.448           10.29        1
   29             5720           3.448           10.29        2
   30             5910           3.448           11.81        3

                                  Best           Mean      Stall
Generation      Func-count        f(x)           f(x)    Generations
   31             6100           3.448           9.909        4
   32             6290           3.448            8.05        5
   33             6480           3.448           6.731        6
   34             6670           3.448           5.148        7
   35             6860           3.448           4.512        0
   36             7050           3.448           4.303        1
   37             7240           3.448           4.902        2
   38             7430           3.448           4.295        0
   39             7620           3.448           4.511        0
   40             7810           3.448           3.769        0
   41             8000           3.448           4.495        1
   42             8190           3.448           4.368        0
   43             8380           3.448           4.172        1
   44             8570           3.448           3.884        2
   45             8760           3.448           3.864        3
   46             8950           3.448           4.071        4
   47             9140           3.448           3.825        0
   48             9330           3.448           4.091        1
   49             9520           3.447           4.022        0
   50             9710           3.447           4.007        1
   51             9900           3.447           4.737        0
   52            10090           3.447           3.976        1
   53            10280           3.447           4.612        2
   54            10470           3.447           4.406        0
   55            10660           3.447           3.923        1
   56            10850           3.447           3.969        0
   57            11040           3.447           3.783        0
   58            11230           3.447           4.017        1
   59            11420           3.447           4.087        0
   60            11610           3.447           4.659        0

                                  Best           Mean      Stall
Generation      Func-count        f(x)           f(x)    Generations
   61            11800           3.447           3.916        0
   62            11990           3.447           3.855        0
   63            12180           3.447           3.808        0
   64            12370           3.447           4.461        0
   65            12560           3.447           5.799        0
   66            12750           3.447           7.652        1
   67            12940           3.447           7.161        0
   68            13130           3.447           7.868        0
   69            13320           3.447           10.63        0
   70            13510           3.447           13.38        0
   71            13700           3.447           16.35        0
   72            13890           3.447           30.62        1
   73            14080           3.447              22        2
   74            14270           3.447           22.28        0
   75            14460           3.447           20.01        0
   76            14650           3.447           26.96        1
   77            14840           3.447           27.32        2
   78            15030           3.447           23.62        3
   79            15220           3.447           19.33        4
   80            15410           3.447           13.03        5
   81            15600           3.447           8.943        6
   82            15790           3.447           7.302        7
   83            15980           3.447           6.351        8
   84            16170           3.446           5.419        0
   85            16360           3.446           5.154        1
   86            16550           3.446           4.651        2
   87            16740           3.446           4.463        3
   88            16930           3.446           4.691        0
   89            17120           3.446            4.12        0
   90            17310           3.446           4.089        1

                                  Best           Mean      Stall
Generation      Func-count        f(x)           f(x)    Generations
   91            17500           3.446            3.95        0
   92            17690           3.446            3.76        1
   93            17880           3.446           3.799        2
   94            18070           3.446           3.774        0
   95            18260           3.446           3.862        0
   96            18450           3.446           3.976        0
   97            18640           3.446           4.747        0
   98            18830           3.446            4.55        1
   99            19020           3.446           4.184        2
  100            19210           3.446           4.047        3
  101            19400           3.446           4.002        0
  102            19590           3.446           3.799        0
  103            19780           3.446           3.991        0
  104            19970           3.446           4.092        0
  105            20160           3.446           5.498        1
  106            20350           3.446           5.325        2
  107            20540           3.446           4.941        0
  108            20730           3.446           5.156        0
  109            20920           3.446           5.678        1
  110            21110           3.446           5.443        0
  111            21300           3.446           5.558        1
  112            21490           3.446           5.453        0
  113            21680           3.446            6.37        0
  114            21870           3.446           8.009        0
  115            22060           3.446           10.86        0
  116            22250           3.446           13.03        1
  117            22440           3.446           13.22        2
  118            22630           3.446           13.09        3
  119            22820           3.446           9.959        4
  120            23010           3.446           7.016        5

                                  Best           Mean      Stall
Generation      Func-count        f(x)           f(x)    Generations
  121            23200           3.446           6.298        0
  122            23390           3.446           5.506        1
  123            23580           3.446            4.84        0
  124            23770           3.446           4.772        1
  125            23960           3.446           4.533        2
  126            24150           3.446           4.473        3
  127            24340           3.446           4.299        4
  128            24530           3.446           4.216        0
  129            24720           3.446           4.118        1
  130            24910           3.446           3.879        0
  131            25100           3.446           4.571        0
  132            25290           3.446           3.772        0
  133            25480           3.445           4.157        0
  134            25670           3.445           4.298        1
  135            25860           3.445           4.377        2
  136            26050           3.445           4.624        0
  137            26240           3.445            4.09        1
  138            26430           3.445           4.269        0
  139            26620           3.445           3.985        1
  140            26810           3.445           3.989        0
  141            27000           3.445           3.917        0
  142            27190           3.445            4.49        0
  143            27380           3.445           5.611        1
  144            27570           3.445           4.861        0
  145            27760           3.445            5.99        0
  146            27950           3.445           6.749        1
  147            28140           3.445           6.239        2
  148            28330           3.445           5.482        3
  149            28520           3.444           4.729        0
  150            28710           3.444           5.164        1

                                  Best           Mean      Stall
Generation      Func-count        f(x)           f(x)    Generations
  151            28900           3.444           4.818        2
  152            29090           3.444           4.113        3
  153            29280           3.444           3.855        0
  154            29470           3.444             4.2        1
  155            29660           3.444           4.199        2
  156            29850           3.444           3.912        0
  157            30040           3.444           3.799        1
  158            30230           3.444           3.726        0
  159            30420           3.444           4.447        1
  160            30610           3.444           3.908        2
  161            30800           3.444            4.09        0
  162            30990           3.444           3.823        0
  163            31180           3.444            3.59        0
  164            31370           3.444           3.727        1
  165            31560           3.444           3.792        0
  166            31750           3.444           3.821        0
  167            31940           3.444           4.351        0
  168            32130           3.444           4.287        0
  169            32320           3.444           6.017        0
  170            32510           3.444           7.452        0
  171            32700           3.444           9.945        0
  172            32890           3.444           11.82        1
  173            33080           3.444            11.7        2
  174            33270           3.444           11.92        3
  175            33460           3.444           8.618        0
  176            33650           3.444           11.04        1
  177            33840           3.444           7.192        2
  178            34030           3.444           6.623        3
  179            34220           3.444           6.021        4
  180            34410           3.444           4.838        0

                                  Best           Mean      Stall
Generation      Func-count        f(x)           f(x)    Generations
  181            34600           3.444            4.96        0
  182            34790           3.444           5.473        1
  183            34980           3.444           4.514        2
  184            35170           3.444           3.938        0
  185            35360           3.444           4.238        1
  186            35550           3.444             4.2        2
  187            35740           3.444           4.362        0
  188            35930           3.444           4.252        1
  189            36120           3.444             3.9        0
  190            36310           3.444           3.959        0
  191            36500           3.444           3.924        0
  192            36690           3.443           4.483        0
  193            36880           3.443           4.823        0
  194            37070           3.443            9.64        0
  195            37260           3.443            11.7        1
  196            37450           3.443           11.56        0
  197            37640           3.443           11.68        1
  198            37830           3.443           10.67        2
  199            38020           3.443           10.14        3
  200            38210           3.443           7.443        4
  201            38400           3.443           5.598        5
  202            38590           3.443           5.278        6
  203            38780           3.443           4.404        7
  204            38970           3.443           4.418        0
  205            39160           3.443           4.591        0
  206            39350           3.443            4.01        0
  207            39540           3.443            4.05        1
  208            39730           3.443           4.181        2
  209            39920           3.443           3.995        0
  210            40110           3.443           3.889        0

                                  Best           Mean      Stall
Generation      Func-count        f(x)           f(x)    Generations
  211            40300           3.443           3.912        0
  212            40490           3.443           4.492        0
  213            40680           3.443            5.67        1
  214            40870           3.442           5.505        0
  215            41060           3.442           5.547        0
  216            41250           3.442            6.64        0
  217            41440           3.442           9.622        0
  218            41630           3.442           11.59        1
  219            41820           3.442           13.41        2
  220            42010           3.442           13.11        3
  221            42200           3.442           11.69        4
  222            42390           3.442           9.608        5
  223            42580           3.442           8.143        6
  224            42770           3.442           7.284        7
  225            42960           3.442           5.924        8
  226            43150           3.442           4.105        9
  227            43340           3.442           4.365        0
  228            43530           3.442            3.89        0
  229            43720           3.442            3.77        0
  230            43910           3.442           3.909        0
  231            44100           3.442           4.373        0
  232            44290           3.442           4.338        0
  233            44480           3.442           5.383        0
  234            44670           3.442           9.768        1
  235            44860           3.442           7.099        2
  236            45050           3.442           6.072        0
  237            45240           3.442           6.511        0
  238            45430           3.442           7.423        0
  239            45620           3.442           13.42        1
  240            45810           3.442           10.99        2

                                  Best           Mean      Stall
Generation      Func-count        f(x)           f(x)    Generations
  241            46000           3.442           10.64        3
  242            46190           3.442           8.886        4
  243            46380           3.442           5.945        5
  244            46570           3.442           4.676        6
  245            46760           3.442           4.476        0
  246            46950           3.442               4        1
  247            47140           3.442           3.878        0
  248            47330           3.442            3.86        1
  249            47520           3.442           4.033        0
  250            47710           3.442           3.764        0
  251            47900           3.442           4.035        1
  252            48090           3.442           4.395        0
  253            48280           3.442           4.203        0
  254            48470           3.442           4.556        0
  255            48660           3.442           4.678        0
  256            48850           3.442           8.672        0
  257            49040           3.442           8.988        1
  258            49230           3.442           7.965        0
  259            49420           3.442            8.48        1
  260            49610           3.442           11.94        0
  261            49800           3.441           9.934        0
  262            49990           3.441           16.23        0
  263            50180           3.441           17.49        0
  264            50370           3.441           27.42        1
  265            50560           3.441           23.49        2
  266            50750           3.441            20.5        3
  267            50940           3.441           16.62        4
  268            51130           3.441           14.94        5
  269            51320           3.441           10.05        6
  270            51510           3.441           6.879        7

                                  Best           Mean      Stall
Generation      Func-count        f(x)           f(x)    Generations
  271            51700           3.441           5.532        8
  272            51890           3.441            4.59        9
  273            52080           3.441           4.273       10
  274            52270           3.441           4.706        0
  275            52460           3.441           4.253        0
  276            52650           3.441           4.141        1
  277            52840           3.441           3.893        0
  278            53030           3.441           3.808        1
  279            53220           3.441           4.397        2
  280            53410           3.441           3.729        3
  281            53600           3.441           4.106        0
  282            53790           3.441           3.791        1
  283            53980           3.441           4.256        0
  284            54170           3.441           4.237        0
  285            54360           3.441            3.83        1
  286            54550           3.441           4.001        0
  287            54740           3.441            4.22        1
  288            54930           3.441           3.732        0
  289            55120           3.441           4.099        0
  290            55310           3.441           4.147        1
  291            55500           3.441           3.885        0
  292            55690           3.441           3.806        0
  293            55880           3.441           3.946        1
  294            56070           3.441           4.189        2
  295            56260           3.441           4.633        3
  296            56450           3.441           4.145        0
  297            56640           3.441           3.692        1
  298            56830           3.441           3.712        0
  299            57020           3.441           3.948        1
  300            57210           3.441           3.781        2

                                  Best           Mean      Stall
Generation      Func-count        f(x)           f(x)    Generations
  301            57400           3.441           3.762        0
  302            57590           3.441           3.852        0
  303            57780           3.441           4.193        0
  304            57970           3.441           3.608        0
  305            58160           3.441            4.35        0
  306            58350           3.441           4.412        0
  307            58540           3.441           5.519        0
  308            58730           3.441           9.931        1
  309            58920           3.441           7.057        2
  310            59110           3.441           7.356        3
  311            59300           3.441            6.62        4
  312            59490           3.441           5.525        0
  313            59680           3.441           4.445        1
  314            59870           3.441           4.401        0
  315            60060           3.441           4.357        0
  316            60250           3.441           4.631        1
  317            60440           3.441           4.623        0
  318            60630           3.441           4.623        0
  319            60820           3.441           5.291        0
  320            61010           3.441           7.441        1
  321            61200           3.441           7.476        2
  322            61390           3.441           5.447        3
  323            61580           3.441           4.886        4
  324            61770           3.441           4.475        0
  325            61960           3.441           4.466        0
  326            62150           3.441           5.435        1
  327            62340            3.44           4.715        0
  328            62530            3.44           4.686        1
  329            62720            3.44           4.792        0
  330            62910            3.44           4.893        0

                                  Best           Mean      Stall
Generation      Func-count        f(x)           f(x)    Generations
  331            63100            3.44           5.197        1
  332            63290            3.44           4.748        2
  333            63480            3.44           4.985        3
  334            63670            3.44           4.194        0
  335            63860            3.44           4.528        0
  336            64050            3.44            4.51        1
  337            64240            3.44           4.324        2
  338            64430            3.44           4.186        3
  339            64620            3.44           4.098        4
  340            64810            3.44           4.308        0
  341            65000            3.44           3.852        0
  342            65190            3.44           3.859        0
  343            65380            3.44           3.774        1
  344            65570            3.44           4.063        2
  345            65760            3.44            4.01        3
  346            65950            3.44           4.543        0
  347            66140            3.44           3.634        0
  348            66330            3.44            3.91        0
  349            66520            3.44           4.003        1
  350            66710            3.44           3.973        0
  351            66900            3.44           4.143        0
  352            67090            3.44           4.495        0
  353            67280            3.44           5.617        0
  354            67470            3.44           10.13        0
  355            67660            3.44           11.92        0
  356            67850            3.44           12.14        1
  357            68040            3.44            14.9        2
  358            68230            3.44           14.24        3
  359            68420            3.44           10.48        0
  360            68610            3.44           9.651        0

                                  Best           Mean      Stall
Generation      Func-count        f(x)           f(x)    Generations
  361            68800            3.44           8.868        1
  362            68990            3.44           8.565        2
  363            69180            3.44           8.048        3
  364            69370            3.44           6.703        4
  365            69560            3.44           5.615        5
  366            69750            3.44            4.81        6
  367            69940            3.44           4.238        7
  368            70130            3.44           3.992        0
  369            70320            3.44           3.983        0
  370            70510            3.44           4.011        0
  371            70700            3.44           4.384        0
  372            70890            3.44            4.73        1
  373            71080            3.44           4.185        2
  374            71270           3.439           3.904        0
  375            71460           3.439           4.701        1
  376            71650           3.439           3.945        0
  377            71840           3.439           4.409        0
  378            72030           3.439           4.854        0
  379            72220           3.439           5.489        0
  380            72410           3.439           6.911        0
  381            72600           3.439           7.997        0
  382            72790           3.439           11.66        1
  383            72980           3.439           13.86        2
  384            73170           3.439           16.68        3
  385            73360           3.439           12.82        4
  386            73550           3.439           10.09        5
  387            73740           3.439           7.378        6
  388            73930           3.439           6.849        7
  389            74120           3.439           4.847        8
  390            74310           3.439           4.623        0

                                  Best           Mean      Stall
Generation      Func-count        f(x)           f(x)    Generations
  391            74500           3.439           4.546        0
  392            74690           3.439           4.332        1
  393            74880           3.439           4.349        0
  394            75070           3.439           4.039        0
  395            75260           3.439            4.02        0
  396            75450           3.439           5.046        0
  397            75640           3.439           5.928        0
  398            75830           3.439           6.089        1
  399            76020           3.439           6.377        2
  400            76210           3.439           5.694        0
  401            76400           3.439           6.612        0
  402            76590           3.439            10.1        0
  403            76780           3.439           10.66        1
  404            76970           3.439           10.75        2
  405            77160           3.439           9.263        3
  406            77350           3.439           7.376        4
  407            77540           3.439           6.524        5
  408            77730           3.439           6.191        6
  409            77920           3.439           5.879        7
  410            78110           3.439           4.517        0
  411            78300           3.439            4.19        0
  412            78490           3.439            4.98        1
  413            78680           3.439           4.471        0
  414            78870           3.439           4.524        1
  415            79060           3.439            3.87        0
  416            79250           3.439           3.786        1
  417            79440           3.439           3.803        2
  418            79630           3.439           3.707        0
  419            79820           3.439           4.125        0
  420            80010           3.439           4.013        0

                                  Best           Mean      Stall
Generation      Func-count        f(x)           f(x)    Generations
  421            80200           3.439           3.858        1
  422            80390           3.439           3.708        2
  423            80580           3.439           3.791        0
  424            80770           3.439           4.002        0
  425            80960           3.439           4.179        1
  426            81150           3.439           4.147        2
  427            81340           3.439           3.937        3
  428            81530           3.439           3.851        0
  429            81720           3.439           3.693        1
  430            81910           3.439           3.802        0
  431            82100           3.439           3.839        0
  432            82290           3.439           4.194        0
  433            82480           3.439           3.982        1
  434            82670           3.439           4.081        0
  435            82860           3.439           4.488        0
  436            83050           3.439           4.765        0
  437            83240           3.439           5.787        1
  438            83430           3.439           4.844        0
  439            83620           3.439            4.98        0
  440            83810           3.439           6.831        0
  441            84000           3.439           9.519        1
  442            84190           3.439           9.428        2
  443            84380           3.439            7.62        3
  444            84570           3.439           5.833        4
  445            84760           3.439           5.111        5
  446            84950           3.439           5.307        6
  447            85140           3.439           4.406        7
  448            85330           3.439           4.503        0
  449            85520           3.439           3.972        1
  450            85710           3.439           3.929        2

                                  Best           Mean      Stall
Generation      Func-count        f(x)           f(x)    Generations
  451            85900           3.439           3.812        3
  452            86090           3.439           4.051        0
  453            86280           3.439            4.51        1
  454            86470           3.439           3.786        0
  455            86660           3.439           3.905        1
  456            86850           3.439           3.679        0
  457            87040           3.439           3.724        0
  458            87230           3.439           3.765        1
  459            87420           3.439           4.536        0
  460            87610           3.439           3.768        0
  461            87800           3.438           3.898        0
  462            87990           3.438           3.892        1
  463            88180           3.438           3.623        0
  464            88370           3.438           3.751        0
  465            88560           3.438           4.073        0
  466            88750           3.438           4.419        1
  467            88940           3.438           4.375        2
  468            89130           3.438           4.299        0
  469            89320           3.438           4.595        0
  470            89510           3.438           4.741        1
  471            89700           3.438           4.482        0
  472            89890           3.438            4.58        1
  473            90080           3.438           4.378        2
  474            90270           3.438           4.251        3
  475            90460           3.438           4.594        4
  476            90650           3.438           4.229        0
  477            90840           3.438           4.034        1
  478            91030           3.438           4.054        0
  479            91220           3.438           4.264        0
  480            91410           3.438           3.867        0

                                  Best           Mean      Stall
Generation      Func-count        f(x)           f(x)    Generations
  481            91600           3.438           4.408        0
  482            91790           3.438           4.778        1
  483            91980           3.438           4.821        0
  484            92170           3.438           4.723        0
  485            92360           3.438           5.046        1
  486            92550           3.438           5.294        2
  487            92740           3.438           4.658        3
  488            92930           3.438           4.512        4
  489            93120           3.438           4.062        5
  490            93310           3.438           4.471        0
  491            93500           3.437           3.739        0
  492            93690           3.437           3.792        0
  493            93880           3.437           4.257        1
  494            94070           3.437           4.367        0
  495            94260           3.437           4.001        0
  496            94450           3.437           4.349        1
  497            94640           3.437           4.233        0
  498            94830           3.437           4.802        0
  499            95020           3.437           5.308        1
  500            95210           3.437           5.535        2
  501            95400           3.437           4.847        3
  502            95590           3.437           4.139        0
  503            95780           3.437           4.347        1
  504            95970           3.437           4.207        0
  505            96160           3.437           4.265        0
  506            96350           3.437           4.758        1
  507            96540           3.437           4.378        2
  508            96730           3.437           4.215        3
  509            96920           3.437           3.729        4
  510            97110           3.437           3.734        0

                                  Best           Mean      Stall
Generation      Func-count        f(x)           f(x)    Generations
  511            97300           3.437           3.984        1
  512            97490           3.437           4.307        0
  513            97680           3.437           3.747        0
  514            97870           3.437           3.757        1
  515            98060           3.437           3.767        0
  516            98250           3.437           4.503        1
  517            98440           3.436           3.797        0
  518            98630           3.436           4.219        1
  519            98820           3.436           4.249        0
  520            99010           3.436           4.184        1
  521            99200           3.436           3.896        0
  522            99390           3.436           3.969        0
  523            99580           3.436           4.421        0
  524            99770           3.436           4.667        1
  525            99960           3.436           4.419        0
  526           100150           3.436           4.457        0
  527           100340           3.436           5.709        0
  528           100530           3.436           7.489        1
  529           100720           3.436           6.872        0
  530           100910           3.436           7.636        0
  531           101100           3.436           11.21        1
  532           101290           3.436           11.81        0
  533           101480           3.436           10.07        0
  534           101670           3.436           15.53        1
  535           101860           3.436           12.01        2
  536           102050           3.436           11.47        0
  537           102240           3.436            13.3        1
  538           102430           3.436           10.63        2
  539           102620           3.436           9.265        0
  540           102810           3.436           11.73        1

                                  Best           Mean      Stall
Generation      Func-count        f(x)           f(x)    Generations
  541           103000           3.436            7.48        0
  542           103190           3.436           11.06        1
  543           103380           3.436           9.681        2
  544           103570           3.436           7.682        3
  545           103760           3.436           5.914        4
  546           103950           3.436           5.186        0
  547           104140           3.436           4.649        1
  548           104330           3.436            4.31        2
  549           104520           3.436           4.056        3
  550           104710           3.436           4.139        4
  551           104900           3.436           3.659        0
  552           105090           3.436           4.208        1
  553           105280           3.436           4.494        0
  554           105470           3.436           4.639        0
  555           105660           3.436           4.348        0
  556           105850           3.436           3.682        0
  557           106040           3.436           3.925        0
  558           106230           3.436           4.357        0
  559           106420           3.436           5.402        1
  560           106610           3.436           5.169        0
  561           106800           3.436            5.82        1
  562           106990           3.436           5.415        2
  563           107180           3.436           5.133        0
  564           107370           3.436           4.846        1
  565           107560           3.436           4.664        2
  566           107750           3.436           4.663        3
  567           107940           3.436           4.252        0
  568           108130           3.436           4.494        1
  569           108320           3.436           4.318        0
  570           108510           3.436           3.906        1

                                  Best           Mean      Stall
Generation      Func-count        f(x)           f(x)    Generations
  571           108700           3.436           3.736        2
  572           108890           3.436            4.04        0
  573           109080           3.436           3.924        0
  574           109270           3.436            3.67        1
  575           109460           3.436           4.816        0
  576           109650           3.436           4.217        1
  577           109840           3.436           4.274        0
  578           110030           3.436           4.043        0
  579           110220           3.436           4.015        0
  580           110410           3.436           4.581        0
  581           110600           3.436           4.983        0
  582           110790           3.436           6.466        0
  583           110980           3.436           9.877        1
  584           111170           3.436           9.287        2
  585           111360           3.436           8.596        3
  586           111550           3.436           7.003        4
  587           111740           3.436           6.322        5
  588           111930           3.436           4.649        6
  589           112120           3.436           4.065        7
  590           112310           3.436           3.953        0
  591           112500           3.436           3.979        1
  592           112690           3.436           3.883        0
  593           112880           3.436           3.726        1
  594           113070           3.436            3.99        0
  595           113260           3.436           3.693        0
  596           113450           3.436           4.137        0
  597           113640           3.436           4.224        0
  598           113830           3.436           4.429        0
  599           114020           3.436           5.526        0
  600           114210           3.436           7.206        0

                                  Best           Mean      Stall
Generation      Func-count        f(x)           f(x)    Generations
  601           114400           3.436           8.704        0
  602           114590           3.436           12.04        1
  603           114780           3.436           11.51        0
  604           114970           3.436           16.34        0
  605           115160           3.436           18.52        0
  606           115350           3.436           29.27        0
  607           115540           3.436           29.35        1
  608           115730           3.436           33.77        0
  609           115920           3.436           35.47        1
  610           116110           3.436           30.67        2
  611           116300           3.436           23.31        3
  612           116490           3.436           18.28        4
  613           116680           3.436           14.97        5
  614           116870           3.436           12.43        6
  615           117060           3.436           8.729        7
  616           117250           3.436           7.487        8
  617           117440           3.436           5.452        9
  618           117630           3.436           4.715       10
  619           117820           3.436           4.578       11
  620           118010           3.436           4.165       12
  621           118200           3.436           3.865        0
  622           118390           3.436           4.537        1
  623           118580           3.436           4.293        0
  624           118770           3.436           4.366        0
  625           118960           3.436           4.306        1
  626           119150           3.436           4.014        0
  627           119340           3.436           3.762        0
  628           119530           3.436           3.774        1
  629           119720           3.436           3.736        0
  630           119910           3.436           3.786        1

                                  Best           Mean      Stall
Generation      Func-count        f(x)           f(x)    Generations
  631           120100           3.436           3.836        0
  632           120290           3.436            3.73        0
  633           120480           3.436           3.969        1
  634           120670           3.436           4.355        2
  635           120860           3.436           3.832        0
  636           121050           3.436           3.716        1
  637           121240           3.436           3.894        2
  638           121430           3.436           3.971        0
  639           121620           3.436            3.81        1
  640           121810           3.436           3.989        0
  641           122000           3.436           3.759        0
  642           122190           3.436           3.761        0
  643           122380           3.436           3.818        0
  644           122570           3.436           4.306        1
  645           122760           3.435           4.775        0
  646           122950           3.435           4.487        0
  647           123140           3.435           5.706        1
  648           123330           3.435           4.886        0
  649           123520           3.435           5.709        1
  650           123710           3.435           4.925        2
  651           123900           3.435           4.604        3
  652           124090           3.435           4.307        0
  653           124280           3.435           4.357        0
  654           124470           3.435           4.641        1
  655           124660           3.435           4.574        2
  656           124850           3.435           4.411        3
  657           125040           3.435           4.229        0
  658           125230           3.435           4.237        0
  659           125420           3.435           3.981        0
  660           125610           3.435           4.577        0

                                  Best           Mean      Stall
Generation      Func-count        f(x)           f(x)    Generations
  661           125800           3.435            5.69        0
  662           125990           3.435           8.388        1
  663           126180           3.435           7.115        2
  664           126370           3.435           5.985        3
  665           126560           3.435           5.483        4
  666           126750           3.435           5.051        5
  667           126940           3.435           4.183        6
  668           127130           3.435           4.349        7
  669           127320           3.435           4.359        0
  670           127510           3.435           4.427        0
  671           127700           3.435           3.884        1
  672           127890           3.435           3.945        0
  673           128080           3.435           3.762        1
  674           128270           3.435           3.779        0
  675           128460           3.435           4.072        0
  676           128650           3.435            3.74        0
  677           128840           3.435           3.881        1
  678           129030           3.435           3.859        0
  679           129220           3.435           4.168        0
  680           129410           3.435           4.495        1
  681           129600           3.435           4.151        2
  682           129790           3.435           3.877        0
  683           129980           3.435           4.547        0
  684           130170           3.435           4.637        1
  685           130360           3.435           4.577        0
  686           130550           3.435           4.804        1
  687           130740           3.435           4.538        2
  688           130930           3.435            4.56        3
  689           131120           3.435           4.136        0
  690           131310           3.435            3.86        1

                                  Best           Mean      Stall
Generation      Func-count        f(x)           f(x)    Generations
  691           131500           3.435           3.869        0
  692           131690           3.435           3.921        1
  693           131880           3.435            3.84        0
  694           132070           3.435           4.141        0
  695           132260           3.435           4.042        0
  696           132450           3.435           4.345        0
  697           132640           3.435           5.606        1
  698           132830           3.435           5.069        2
  699           133020           3.435           4.731        0
  700           133210           3.435           4.936        1
  701           133400           3.435           4.768        2
  702           133590           3.435            4.62        3
  703           133780           3.435           4.515        4
  704           133970           3.435           4.832        0
  705           134160           3.435           4.164        0
  706           134350           3.435            3.78        1
  707           134540           3.435           4.098        0
  708           134730           3.435           3.838        0
  709           134920           3.435           3.916        0
  710           135110           3.435           4.546        0
  711           135300           3.435           5.243        1
  712           135490           3.435           5.048        2
  713           135680           3.435           4.331        3
  714           135870           3.435           4.481        0
  715           136060           3.435           4.525        0
  716           136250           3.435           4.249        1
  717           136440           3.435           4.232        2
  718           136630           3.434           4.008        0
  719           136820           3.434           4.151        1
  720           137010           3.434           4.009        0

                                  Best           Mean      Stall
Generation      Func-count        f(x)           f(x)    Generations
  721           137200           3.434            4.06        1
  722           137390           3.434           3.873        0
  723           137580           3.434           3.925        0
  724           137770           3.434           4.225        0
  725           137960           3.434           5.047        1
  726           138150           3.434           4.903        2
  727           138340           3.434           4.661        3
  728           138530           3.434           4.241        0
  729           138720           3.434           4.191        1
  730           138910           3.434           4.354        2
  731           139100           3.434           3.926        3
  732           139290           3.434           3.906        4
  733           139480           3.434           4.022        5
  734           139670           3.434           4.339        0
  735           139860           3.434           3.728        0
  736           140050           3.434           3.958        1
  737           140240           3.434           4.075        0
  738           140430           3.434           4.021        0
  739           140620           3.434           3.769        1
  740           140810           3.434           3.836        0
  741           141000           3.434           3.774        0
  742           141190           3.434           3.887        0
  743           141380           3.434            4.14        0
  744           141570           3.434           4.199        0
  745           141760           3.434           5.266        0
  746           141950           3.434             7.5        0
  747           142140           3.434           9.887        0
  748           142330           3.434           17.02        1
  749           142520           3.434           13.75        0
  750           142710           3.434           17.18        1

                                  Best           Mean      Stall
Generation      Func-count        f(x)           f(x)    Generations
  751           142900           3.434            16.2        2
  752           143090           3.434           13.15        3
  753           143280           3.434            9.65        4
  754           143470           3.434           7.372        5
  755           143660           3.434            6.27        6
  756           143850           3.434           5.002        7
  757           144040           3.434           4.237        8
  758           144230           3.434           4.233        0
  759           144420           3.434           3.884        0
  760           144610           3.434           3.839        0
  761           144800           3.434           4.101        0
  762           144990           3.434           4.596        1
  763           145180           3.434           4.511        0
  764           145370           3.434           4.738        1
  765           145560           3.434           4.614        0
  766           145750           3.434           4.931        1
  767           145940           3.434           4.674        2
  768           146130           3.434           4.169        3
  769           146320           3.434           3.893        4
  770           146510           3.434           3.874        5
  771           146700           3.434           3.831        6
  772           146890           3.434           3.703        0
  773           147080           3.434           4.462        1
  774           147270           3.434           4.421        0
  775           147460           3.434           3.997        1
  776           147650           3.434           3.753        2
  777           147840           3.434           3.689        0
  778           148030           3.433           3.924        0
  779           148220           3.433           4.131        1
  780           148410           3.433           4.137        0

                                  Best           Mean      Stall
Generation      Func-count        f(x)           f(x)    Generations
  781           148600           3.433           3.879        1
  782           148790           3.433            4.07        2
  783           148980           3.433            3.71        0
  784           149170           3.433           4.034        0
  785           149360           3.433           3.909        1
  786           149550           3.433           3.846        0
  787           149740           3.433            3.94        0
  788           149930           3.433           3.921        0
  789           150120           3.433           4.054        0
  790           150310           3.433           4.229        0
  791           150500           3.433           4.394        0
  792           150690           3.433           4.962        0
Optimization terminated: time limit exceeded.