Single objective optimization:
17 Variable(s)

Options:
CreationFcn:       @gacreationuniform
CrossoverFcn:      @crossoverscattered
SelectionFcn:      @selectionstochunif
MutationFcn:       @mutationadaptfeasible

                                  Best           Mean      Stall
Generation      Func-count        f(x)           f(x)    Generations
    1              400           3.391           17.03        0
    2              590           3.391            24.1        0
    3              780           3.391           24.88        1
    4              970           3.391           26.68        2
    5             1160           3.391           25.92        3
    6             1350           3.391           25.14        0
    7             1540           3.391           21.15        1
    8             1730           3.391           18.03        2
    9             1920           3.391           15.44        3
   10             2110           3.391           17.72        4
   11             2300           3.391           11.77        5
   12             2490           3.391           6.805        6
   13             2680           3.391           5.636        7
   14             2870           3.391           4.869        8
   15             3060           3.391           4.097        9
   16             3250           3.391            3.66        0
   17             3440            3.39           3.598        0
   18             3630            3.39           3.543        1
   19             3820            3.39           3.496        0
   20             4010            3.39           3.539        1
   21             4200            3.39           3.502        0
   22             4390            3.39           3.502        1
   23             4580            3.39           3.513        0
   24             4770            3.39           3.506        1
   25             4960            3.39           3.506        0
   26             5150            3.39           3.513        0
   27             5340            3.39           3.729        0
   28             5530            3.39           4.233        0
   29             5720            3.39           4.952        0
   30             5910            3.39           10.89        0

                                  Best           Mean      Stall
Generation      Func-count        f(x)           f(x)    Generations
   31             6100            3.39           12.25        1
   32             6290            3.39           7.396        0
   33             6480            3.39           12.42        0
   34             6670            3.39           14.41        0
   35             6860            3.39           18.04        1
   36             7050            3.39           19.92        2
   37             7240            3.39           16.45        0
   38             7430            3.39           16.53        0
   39             7620            3.39           20.01        1
   40             7810            3.39           18.17        0
   41             8000            3.39           22.03        1
   42             8190            3.39           19.42        2
   43             8380            3.39           20.19        3
   44             8570            3.39           14.04        4
   45             8760            3.39           8.444        5
   46             8950            3.39           6.768        6
   47             9140            3.39           5.874        7
   48             9330            3.39           4.248        8
   49             9520            3.39           3.835        0
   50             9710            3.39           3.683        1
   51             9900            3.39           3.631        2
   52            10090            3.39           3.467        3
   53            10280            3.39            3.44        0
   54            10470            3.39           3.442        0
   55            10660            3.39           3.452        1
   56            10850            3.39            3.41        0
   57            11040            3.39           3.425        0
   58            11230            3.39           3.513        0
   59            11420            3.39           3.721        1
   60            11610           3.389            3.62        0

                                  Best           Mean      Stall
Generation      Func-count        f(x)           f(x)    Generations
   61            11800           3.389           3.713        0
   62            11990           3.389           4.152        0
   63            12180           3.389           5.337        0
   64            12370           3.389           9.249        1
   65            12560           3.389           7.303        0
   66            12750           3.389           8.759        1
   67            12940           3.389           6.871        0
   68            13130           3.389           9.946        1
   69            13320           3.389           9.336        2
   70            13510           3.389           8.015        3
   71            13700           3.389           6.833        4
   72            13890           3.389           5.373        5
   73            14080           3.389           4.899        6
   74            14270           3.389            4.75        7
   75            14460           3.389           3.472        0
   76            14650           3.389           3.465        0
   77            14840           3.389           3.469        1
   78            15030           3.389           3.449        0
   79            15220           3.389           3.427        1
   80            15410           3.389           3.413        2
   81            15600           3.389           3.398        0
   82            15790           3.389           3.401        1
   83            15980           3.389           3.398        0
   84            16170           3.389             3.4        1
   85            16360           3.389           3.394        0
   86            16550           3.389           3.399        0
   87            16740           3.389            3.41        0
   88            16930           3.389           3.488        0
   89            17120           3.389           3.607        0
   90            17310           3.389           3.861        0

                                  Best           Mean      Stall
Generation      Func-count        f(x)           f(x)    Generations
   91            17500           3.389           5.331        0
   92            17690           3.389           9.541        0
   93            17880           3.389           13.94        0
   94            18070           3.389           14.74        1
   95            18260           3.389           13.63        0
   96            18450           3.389           15.42        1
   97            18640           3.389           18.62        2
   98            18830           3.389           11.25        3
   99            19020           3.389           9.555        0
  100            19210           3.389           9.169        1
  101            19400           3.389           8.481        2
  102            19590           3.389           6.887        3
  103            19780           3.389           5.125        4
  104            19970           3.389           4.466        5
  105            20160           3.389           4.012        6
  106            20350           3.389           3.532        7
  107            20540           3.389           3.435        8
  108            20730           3.389           3.404        0
  109            20920           3.388           3.401        0
  110            21110           3.388           3.404        0
  111            21300           3.388           3.417        0
  112            21490           3.388           3.499        0
  113            21680           3.388           3.667        0
  114            21870           3.388           4.131        0
  115            22060           3.388           5.798        0
  116            22250           3.388           7.603        0
  117            22440           3.388           11.21        1
  118            22630           3.388           9.672        0
  119            22820           3.388           11.59        1
  120            23010           3.388           12.37        2

                                  Best           Mean      Stall
Generation      Func-count        f(x)           f(x)    Generations
  121            23200           3.388           7.868        3
  122            23390           3.388            6.34        0
  123            23580           3.388           5.818        0
  124            23770           3.388           9.503        0
  125            23960           3.388           10.49        1
  126            24150           3.388           13.19        2
  127            24340           3.388           11.25        0
  128            24530           3.388           9.666        1
  129            24720           3.388           7.415        2
  130            24910           3.388           5.597        3
  131            25100           3.388             5.2        4
  132            25290           3.388            4.33        5
  133            25480           3.388           4.163        6
  134            25670           3.388            3.71        7
  135            25860           3.388           3.586        0
  136            26050           3.388           3.421        0
  137            26240           3.388           3.432        1
  138            26430           3.388           3.416        0
  139            26620           3.388            3.43        0
  140            26810           3.388           3.458        1
  141            27000           3.388           3.449        2
  142            27190           3.388           3.425        0
  143            27380           3.388           3.426        0
  144            27570           3.388           3.485        0
  145            27760           3.388           3.727        0
  146            27950           3.388           4.016        0
  147            28140           3.388           6.177        0
  148            28330           3.388           6.878        1
  149            28520           3.388           7.147        0
  150            28710           3.388           8.019        1

                                  Best           Mean      Stall
Generation      Func-count        f(x)           f(x)    Generations
  151            28900           3.388           7.015        0
  152            29090           3.388           7.772        1
  153            29280           3.388           6.915        2
  154            29470           3.388           5.596        3
  155            29660           3.388           5.039        4
  156            29850           3.388           4.579        5
  157            30040           3.388           4.249        6
  158            30230           3.388           4.106        0
  159            30420           3.387           3.799        0
  160            30610           3.387           3.661        0
  161            30800           3.387           3.695        1
  162            30990           3.387           3.587        0
  163            31180           3.387           3.704        0
  164            31370           3.387           4.092        1
  165            31560           3.387           4.046        0
  166            31750           3.387            4.16        1
  167            31940           3.387             3.9        2
  168            32130           3.387           3.795        0
  169            32320           3.387           3.844        0
  170            32510           3.387           4.165        1
  171            32700           3.387           4.198        2
  172            32890           3.387           3.757        0
  173            33080           3.387            3.77        1
  174            33270           3.387            3.64        2
  175            33460           3.387           3.563        0
  176            33650           3.387           3.573        0
  177            33840           3.387           3.768        0
  178            34030           3.387           4.085        1
  179            34220           3.387           4.037        0
  180            34410           3.387           4.485        1

                                  Best           Mean      Stall
Generation      Func-count        f(x)           f(x)    Generations
  181            34600           3.387           4.173        2
  182            34790           3.387           3.837        3
  183            34980           3.387           3.676        4
  184            35170           3.387            3.48        5
  185            35360           3.387            3.43        0
  186            35550           3.387           3.418        0
  187            35740           3.387           3.418        0
  188            35930           3.387           3.489        1
  189            36120           3.387           3.462        0
  190            36310           3.387           3.519        0
  191            36500           3.387           3.768        0
  192            36690           3.387           4.134        0
  193            36880           3.387           5.005        0
  194            37070           3.387           7.546        1
  195            37260           3.387           7.669        0
  196            37450           3.386           8.822        0
  197            37640           3.386           12.38        1
  198            37830           3.386           11.32        2
  199            38020           3.386           10.77        0
  200            38210           3.386            12.9        0
  201            38400           3.386           12.21        1
  202            38590           3.386           11.22        0
  203            38780           3.386           12.71        1
  204            38970           3.383           12.53        0
  205            39160           3.383           11.82        1
  206            39350           3.382           12.94        0
  207            39540           3.382            13.8        1
  208            39730           3.382           14.06        2
  209            39920           3.382           9.572        3
  210            40110           3.382           8.303        0

                                  Best           Mean      Stall
Generation      Func-count        f(x)           f(x)    Generations
  211            40300           3.382           7.319        0
  212            40490           3.382            7.61        0
  213            40680           3.382           12.32        1
  214            40870           3.382           13.38        2
  215            41060           3.382           10.26        0
  216            41250           3.382           10.67        1
  217            41440           3.382           8.916        2
  218            41630           3.382           6.365        3
  219            41820           3.382           5.273        4
  220            42010           3.382           4.899        0
  221            42200           3.382            4.32        1
  222            42390           3.382           3.725        2
  223            42580           3.382           3.587        3
  224            42770           3.382           3.492        4
  225            42960           3.382           3.441        0
  226            43150           3.382           3.427        0
  227            43340           3.382           3.436        0
  228            43530           3.382           3.515        0
  229            43720           3.382           3.738        1
  230            43910           3.382           3.644        0
  231            44100           3.382           3.888        0
  232            44290           3.382           4.301        1
  233            44480           3.382           4.056        0
  234            44670           3.382           4.364        0
  235            44860           3.382            5.19        1
  236            45050           3.382           4.722        2
  237            45240           3.382           4.307        0
  238            45430           3.382           4.558        0
  239            45620           3.382             5.3        0
  240            45810           3.382           8.172        0

                                  Best           Mean      Stall
Generation      Func-count        f(x)           f(x)    Generations
  241            46000           3.382           11.22        1
  242            46190           3.382           9.047        2
  243            46380           3.382           7.589        0
  244            46570           3.382           9.581        1
  245            46760           3.382           9.112        2
  246            46950           3.382           6.688        3
  247            47140           3.382           5.157        4
  248            47330           3.382           4.402        5
  249            47520           3.382           3.809        6
  250            47710           3.382           3.533        0
  251            47900           3.382           3.483        1
  252            48090           3.382           3.468        2
  253            48280           3.382           3.444        0
  254            48470           3.382            3.45        0
  255            48660           3.381           3.441        0
  256            48850           3.381           3.491        1
  257            49040           3.381            3.45        0
  258            49230           3.381           3.514        0
  259            49420           3.381           3.605        0
  260            49610           3.381           4.075        0
  261            49800           3.381           4.989        0
  262            49990           3.381            7.24        0
  263            50180           3.381           11.36        0
  264            50370           3.381           14.68        0
  265            50560           3.381           15.82        1
  266            50750           3.381           16.56        0
  267            50940           3.381           18.55        1
  268            51130           3.381           16.15        0
  269            51320           3.381           14.82        1
  270            51510           3.381           14.69        2

                                  Best           Mean      Stall
Generation      Func-count        f(x)           f(x)    Generations
  271            51700           3.381           13.03        3
  272            51890           3.381           11.26        4
  273            52080           3.381           8.295        5
  274            52270           3.381           6.249        6
  275            52460           3.381           4.876        7
  276            52650           3.381           4.601        8
  277            52840           3.381           4.201        0
  278            53030           3.381            3.97        1
  279            53220           3.381           3.723        0
  280            53410           3.381           3.481        0
  281            53600           3.381            3.69        0
  282            53790            3.38           4.086        0
  283            53980            3.38           4.728        1
  284            54170            3.38           4.467        0
  285            54360            3.38           4.872        1
  286            54550            3.38           4.949        2
  287            54740            3.38           4.502        3
  288            54930            3.38           3.953        0
  289            55120            3.38           3.944        0
  290            55310            3.38           4.207        1
  291            55500            3.38             4.1        0
  292            55690            3.38           4.255        1
  293            55880            3.38           4.283        0
  294            56070            3.38           4.591        1
  295            56260            3.38           4.436        2
  296            56450            3.38           4.024        3
  297            56640            3.38           3.764        0
  298            56830            3.38           3.664        0
  299            57020            3.38           3.745        1
  300            57210            3.38           3.656        0

                                  Best           Mean      Stall
Generation      Func-count        f(x)           f(x)    Generations
  301            57400            3.38           3.816        0
  302            57590            3.38           4.192        1
  303            57780            3.38           4.236        0
  304            57970            3.38           4.291        1
  305            58160            3.38           3.955        0
  306            58350            3.38           4.164        0
  307            58540            3.38           5.497        1
  308            58730            3.38           5.184        2
  309            58920            3.38           4.617        3
  310            59110            3.38           4.204        4
  311            59300            3.38           3.935        5
  312            59490            3.38           3.677        0
  313            59680            3.38           3.427        1
  314            59870            3.38           3.406        0
  315            60060           3.379           3.415        0
  316            60250           3.379            3.45        0
  317            60440           3.379            3.64        0
  318            60630           3.379            4.09        0
  319            60820           3.379           4.797        1
  320            61010           3.379           4.797        2
  321            61200           3.379           4.515        0
  322            61390           3.379           4.656        1
  323            61580           3.379           4.447        2
  324            61770           3.379           4.135        3
  325            61960           3.379           3.881        4
  326            62150           3.379           3.659        0
  327            62340           3.379           3.654        1
  328            62530           3.379           3.551        0
  329            62720           3.379            3.56        0
  330            62910           3.379           3.608        1

                                  Best           Mean      Stall
Generation      Func-count        f(x)           f(x)    Generations
  331            63100           3.379            3.53        0
  332            63290           3.379            3.52        1
  333            63480           3.379           3.477        0
  334            63670           3.379           3.509        0
  335            63860           3.379           3.738        0
  336            64050           3.379           4.138        0
  337            64240           3.379           4.882        0
  338            64430           3.379           6.865        0
  339            64620           3.379           9.947        0
  340            64810           3.379           12.83        0
  341            65000           3.379           16.51        0
  342            65190           3.379           22.68        0
  343            65380           3.379           25.92        1
  344            65570           3.379           32.23        0
  345            65760           3.379           40.83        0
  346            65950           3.379           39.93        1
  347            66140           3.379           33.37        2
  348            66330           3.379           25.82        3
  349            66520           3.379           20.47        4
  350            66710           3.379           17.48        5
  351            66900           3.379            17.8        6
  352            67090           3.379           14.12        7
  353            67280           3.379           9.611        8
  354            67470           3.379           7.521        9
  355            67660           3.379           5.667       10
  356            67850           3.379           3.947        0
  357            68040           3.379           3.749        1
  358            68230           3.379           3.651        2
  359            68420           3.379           3.442        0
  360            68610           3.379           3.438        0

                                  Best           Mean      Stall
Generation      Func-count        f(x)           f(x)    Generations
  361            68800           3.379           3.472        0
  362            68990           3.379           3.651        1
  363            69180           3.379           3.588        0
  364            69370           3.379           3.616        0
  365            69560           3.379           3.998        1
  366            69750           3.379           3.902        2
  367            69940           3.379           3.702        3
  368            70130           3.379           3.571        4
  369            70320           3.379             3.5        0
  370            70510           3.379           3.481        1
  371            70700           3.379           3.442        0
  372            70890           3.379            3.45        1
  373            71080           3.379           3.396        2
  374            71270           3.379           3.389        0
  375            71460           3.379           3.395        0
  376            71650           3.379           3.401        1
  377            71840           3.379           3.399        0
  378            72030           3.379           3.408        0
  379            72220           3.379           3.472        0
  380            72410           3.379           3.685        1
  381            72600           3.379            3.62        0
  382            72790           3.379           3.702        1
  383            72980           3.379           3.623        2
  384            73170           3.379           3.484        0
  385            73360           3.379           3.528        1
  386            73550           3.379           3.486        0
  387            73740           3.379           3.458        1
  388            73930           3.379           3.457        0
  389            74120           3.379           3.494        0
  390            74310           3.379           3.643        0

                                  Best           Mean      Stall
Generation      Func-count        f(x)           f(x)    Generations
  391            74500           3.379           3.994        0
  392            74690           3.379           5.453        1
Optimization terminated: average change in the fitness value less than options.FunctionTolerance.