Single objective optimization:
17 Variable(s)

Options:
CreationFcn:       @gacreationuniform
CrossoverFcn:      @crossoverscattered
SelectionFcn:      @selectionstochunif
MutationFcn:       @mutationadaptfeasible

                                  Best           Mean      Stall
Generation      Func-count        f(x)           f(x)    Generations
    1              400           8.557           158.1        0
    2              590            6.26           141.5        0
    3              780            6.26           127.5        1
    4              970            6.26           134.7        2
    5             1160            6.26           128.6        3
    6             1350            6.26           109.8        4
    7             1540            6.26             111        5
    8             1730            6.26           105.3        6
    9             1920            6.25           98.21        0
   10             2110           5.888           86.66        0
   11             2300           5.683           80.65        0
   12             2490           5.677            72.3        0
   13             2680           5.672           55.05        0
   14             2870           5.629           53.75        0
   15             3060           5.629           46.95        1
   16             3250           5.592           43.47        0
   17             3440           5.528           43.62        0
   18             3630           5.528           45.19        0
   19             3820           5.528           42.59        1
   20             4010           5.528           42.12        2
   21             4200           5.528           37.17        3
   22             4390           5.528            25.1        4
   23             4580           5.528           19.39        5
   24             4770           5.521           19.18        0
   25             4960           5.521           19.81        1
   26             5150           5.521            14.1        2
   27             5340           5.517           13.05        0
   28             5530           5.517           12.26        0
   29             5720           5.517           12.88        1
   30             5910           5.517           11.64        2

                                  Best           Mean      Stall
Generation      Func-count        f(x)           f(x)    Generations
   31             6100           5.517           9.347        0
   32             6290           5.516           11.54        0
   33             6480           5.504           10.26        0
   34             6670           5.501           12.23        0
   35             6860           5.484           14.87        0
   36             7050           5.469           35.03        0
   37             7240           5.469           33.89        1
   38             7430           5.468           40.06        0
   39             7620           5.468           37.76        1
   40             7810           5.457            38.6        0
   41             8000           5.457           40.62        1
   42             8190           5.457           29.28        2
   43             8380           5.457           21.81        0
   44             8570           5.457           36.47        1
   45             8760           5.457           28.39        2
   46             8950           5.457           19.45        3
   47             9140           5.457           21.13        4
   48             9330           5.457           16.03        5
   49             9520           5.436           10.88        0
   50             9710           5.434           10.38        0
   51             9900           5.431           11.52        0
   52            10090           5.423           16.43        0
   53            10280           5.416           18.93        0
   54            10470           5.391              34        0
   55            10660           5.382           40.15        0
   56            10850            5.37           36.15        0
   57            11040           5.358           33.28        0
   58            11230           5.353           38.17        0
   59            11420           5.334           38.06        0
   60            11610           5.322           36.63        0

                                  Best           Mean      Stall
Generation      Func-count        f(x)           f(x)    Generations
   61            11800           5.307           48.42        0
   62            11990           5.304           46.59        0
   63            12180           5.304           57.18        1
   64            12370           5.304           49.46        2
   65            12560           5.304           37.99        3
   66            12750           5.304           23.41        4
   67            12940           5.304           26.57        5
   68            13130           5.282           18.45        0
   69            13320           5.282           16.85        1
   70            13510           5.273           15.74        0
   71            13700           5.262           17.84        0
   72            13890           5.259           17.84        0
   73            14080           5.259           23.79        1
   74            14270           5.243           21.34        0
   75            14460           5.243           25.86        1
   76            14650           5.242           20.42        0
   77            14840           5.242           20.92        1
   78            15030            5.24           17.68        0
   79            15220            5.24           18.82        1
   80            15410           5.227           18.91        0
   81            15600           5.227           21.05        1
   82            15790           5.227           18.12        2
   83            15980           5.227           19.22        3
   84            16170           5.227           19.12        4
   85            16360           5.191           14.57        0
   86            16550           5.191           14.93        1
   87            16740           5.152           13.45        0
   88            16930           5.152           14.57        1
   89            17120           5.152            14.2        2
   90            17310           5.152           14.97        3

                                  Best           Mean      Stall
Generation      Func-count        f(x)           f(x)    Generations
   91            17500           5.117           14.78        0
   92            17690           5.095           14.38        0
   93            17880           5.095           12.06        1
   94            18070           5.095           11.09        2
   95            18260           5.086           8.436        0
   96            18450           5.085           7.666        0
   97            18640           5.084            8.03        0
   98            18830           5.071           10.68        0
   99            19020            5.06           11.43        0
  100            19210            5.06           16.41        1
  101            19400           5.045           11.35        0
  102            19590            5.03           13.39        0
  103            19780            5.03           15.82        1
  104            19970           5.014           15.65        0
  105            20160           5.014           18.54        1
  106            20350           5.012            15.6        0
  107            20540            5.01           17.47        0
  108            20730            5.01           27.51        1
  109            20920           5.007           29.44        0
  110            21110           4.998           30.83        0
  111            21300           4.998           33.78        1
  112            21490           4.985           43.19        0
  113            21680           4.985           40.77        1
  114            21870           4.985           37.46        2
  115            22060           4.983           33.92        0
  116            22250            4.98           34.62        0
  117            22440            4.98            33.1        1
  118            22630            4.98           39.56        0
  119            22820           4.975           37.25        0
  120            23010           4.973           38.37        0

                                  Best           Mean      Stall
Generation      Func-count        f(x)           f(x)    Generations
  121            23200           4.972           32.94        0
  122            23390           4.972           36.17        1
  123            23580           4.968           34.81        0
  124            23770           4.968           41.99        1
  125            23960           4.968           40.46        2
  126            24150           4.968           30.99        3
  127            24340           4.968           23.78        4
  128            24530           4.968           19.46        5
  129            24720           4.843           13.92        0
  130            24910           4.843           15.19        1
  131            25100           4.843           10.34        2
  132            25290           4.843           10.43        3
  133            25480           4.843           8.665        4
  134            25670           4.843           8.076        5
  135            25860           4.843           7.562        6
  136            26050           4.843           7.627        7
  137            26240           4.837           7.082        0
  138            26430           4.825           7.929        0
  139            26620           4.813           8.136        0
  140            26810           4.811           8.236        0
  141            27000            4.79           8.343        0
  142            27190            4.79           8.447        1
  143            27380           4.768           7.912        0
  144            27570           4.768           7.926        0
  145            27760           4.764           9.648        0
  146            27950            4.71           10.68        0
  147            28140           4.707           10.96        0
  148            28330           4.706           11.61        0
  149            28520             4.7           24.95        0
  150            28710             4.7           31.97        0

                                  Best           Mean      Stall
Generation      Func-count        f(x)           f(x)    Generations
  151            28900           4.699           35.57        0
  152            29090           4.699           34.86        1
  153            29280            4.69           33.28        0
  154            29470            4.69           32.33        1
  155            29660            4.69           36.98        0
  156            29850           4.689           32.88        0
  157            30040           4.689           38.68        1
  158            30230           4.689           33.24        0
  159            30420           4.689           28.82        0
  160            30610           4.689           29.95        1
  161            30800           4.689           30.71        2
  162            30990           4.689           25.36        3
  163            31180           4.689           21.29        4
  164            31370           4.689            16.2        5
  165            31560           4.689            13.5        6
  166            31750           4.688           12.41        0
  167            31940           4.687           11.62        0
  168            32130           4.686           11.46        0
  169            32320           4.686           16.91        0
  170            32510           4.686           19.24        1
  171            32700           4.684           19.42        0
  172            32890           4.684           20.36        1
  173            33080           4.683           18.82        0
  174            33270           4.683           20.93        0
  175            33460           4.682           29.08        0
  176            33650           4.682           29.78        0
  177            33840           4.681           33.71        0
  178            34030           4.681           31.45        1
  179            34220           4.681            41.8        2
  180            34410           4.681           32.27        3

                                  Best           Mean      Stall
Generation      Func-count        f(x)           f(x)    Generations
  181            34600           4.681           28.07        4
  182            34790           4.681           24.02        5
  183            34980            4.68           18.52        0
  184            35170           4.679           14.88        0
  185            35360           4.677           17.88        0
  186            35550           4.677           17.52        1
  187            35740           4.676           17.46        0
  188            35930           4.675           16.68        0
  189            36120           4.675           28.11        1
  190            36310           4.675           27.33        2
  191            36500           4.675           24.04        3
  192            36690           4.675           19.01        4
  193            36880           4.656           12.29        0
  194            37070           4.643           14.33        0
  195            37260           4.643           12.61        1
  196            37450           4.643           14.36        2
  197            37640           4.612           11.54        0
  198            37830           4.612           10.92        1
  199            38020           4.607            9.79        0
  200            38210           4.605           13.89        0
  201            38400           4.605           15.55        1
  202            38590           4.582           16.63        0
  203            38780           4.582           18.52        1
  204            38970           4.582           17.09        2
  205            39160           4.563           15.83        0
  206            39350           4.563           14.72        1
  207            39540           4.497           12.03        0
  208            39730           4.497           12.01        1
  209            39920           4.497           10.73        2
  210            40110           4.429           10.07        0

                                  Best           Mean      Stall
Generation      Func-count        f(x)           f(x)    Generations
  211            40300           4.429           11.98        1
  212            40490           4.429           10.36        2
  213            40680           4.422           7.867        0
  214            40870           4.419            7.85        0
  215            41060           4.419           7.607        1
  216            41250           4.411           7.238        0
  217            41440           4.411            8.39        0
  218            41630           4.394           11.49        0
  219            41820           4.394           13.45        0
  220            42010           4.387           14.43        0
  221            42200           4.387           21.93        0
  222            42390           4.374           25.37        0
  223            42580           4.337           25.93        0
  224            42770           4.337           26.27        1
  225            42960           4.334           32.68        0
  226            43150           4.334            29.5        1
  227            43340           4.334           34.28        2
  228            43530           4.334           26.24        3
  229            43720           4.334           18.27        4
  230            43910           4.334              18        5
  231            44100           4.334           19.55        6
  232            44290           4.334           13.93        7
  233            44480            4.33           10.81        0
  234            44670           4.325           9.119        0
  235            44860           4.325           11.08        1
  236            45050           4.325           8.664        2
  237            45240           4.322           6.129        0
  238            45430           4.321           5.833        0
  239            45620           4.315           6.425        0
  240            45810           4.311           11.83        0

                                  Best           Mean      Stall
Generation      Func-count        f(x)           f(x)    Generations
  241            46000            4.31           12.33        0
  242            46190           4.309              15        0
  243            46380           4.309           35.71        1
  244            46570           4.309           26.31        2
  245            46760           4.309           25.67        0
  246            46950           4.309           22.93        1
  247            47140           4.309           26.39        2
  248            47330           4.309            21.7        3
  249            47520           4.309           16.07        4
  250            47710           4.309           12.08        0
  251            47900           4.309           13.11        0
  252            48090           4.301           12.62        0
  253            48280             4.3           14.37        0
  254            48470             4.3           18.08        1
  255            48660           4.298           18.67        0
  256            48850           4.298            21.4        1
  257            49040           4.298            21.9        2
  258            49230           4.298           17.55        3
  259            49420           4.298           11.82        4
  260            49610            4.29            10.1        0
  261            49800           4.289           7.478        0
  262            49990           4.278           7.174        0
  263            50180           4.278           10.75        1
  264            50370           4.278           10.15        2
  265            50560           4.271           9.669        0
  266            50750           4.271           10.76        1
  267            50940           4.271           11.05        2
  268            51130           4.261           8.693        0
  269            51320           4.246             7.9        0
  270            51510           4.234           11.05        0

                                  Best           Mean      Stall
Generation      Func-count        f(x)           f(x)    Generations
  271            51700           4.223           14.94        0
  272            51890           4.211           17.95        0
  273            52080           4.208           23.91        0
  274            52270           4.203           28.54        0
  275            52460           4.203           32.22        1
  276            52650           4.203           34.24        2
  277            52840           4.203           24.69        3
  278            53030           4.199           20.56        0
  279            53220           4.199           21.56        1
  280            53410           4.194           23.19        0
  281            53600           4.194            21.1        1
  282            53790           4.194           15.84        2
  283            53980           4.169            13.9        0
  284            54170           4.159           11.29        0
  285            54360           4.153           16.75        0
  286            54550           4.153           25.65        1
  287            54740           4.153           18.34        2
  288            54930           4.152           18.39        0
  289            55120           4.149           20.08        0
  290            55310           4.149           29.47        1
  291            55500           4.149           27.15        2
  292            55690           4.149           19.85        3
  293            55880           4.137           15.54        0
  294            56070           4.137           15.06        1
  295            56260            4.13           14.78        0
  296            56450            4.13           16.33        1
  297            56640            4.13           11.83        2
  298            56830           4.125           10.32        0
  299            57020           4.105           11.18        0
  300            57210           4.105           16.64        1

                                  Best           Mean      Stall
Generation      Func-count        f(x)           f(x)    Generations
  301            57400           4.105           16.94        2
  302            57590           4.094           13.49        0
  303            57780           4.094           15.62        1
  304            57970           4.094            13.5        2
  305            58160           4.094           11.52        3
  306            58350           4.094           7.014        0
  307            58540            4.09            5.97        0
  308            58730           4.089           6.034        0
  309            58920           4.085           9.465        0
  310            59110           4.085           14.49        0
  311            59300           4.083           12.92        0
  312            59490           4.083           26.49        1
  313            59680           4.081           25.74        0
  314            59870           4.081           34.82        1
  315            60060           4.081           25.74        0
  316            60250           4.081           33.14        1
  317            60440           4.081           25.09        2
  318            60630           4.081           25.56        3
  319            60820           4.081           19.36        4
  320            61010           4.081           11.84        5
  321            61200           4.079           9.086        0
  322            61390           4.079           7.717        1
  323            61580           4.077           7.147        0
  324            61770           4.077           10.53        1
  325            61960           4.071           6.475        0
  326            62150            4.07           8.411        0
  327            62340           4.062           8.202        0
  328            62530           4.062           9.906        1
  329            62720           4.062           10.84        2
  330            62910           4.062           10.73        0

                                  Best           Mean      Stall
Generation      Func-count        f(x)           f(x)    Generations
  331            63100           4.062            9.26        1
  332            63290           4.059           7.898        0
  333            63480           4.059           9.761        1
  334            63670           4.059            9.14        0
  335            63860           4.059           13.43        1
  336            64050           4.059           11.64        2
  337            64240           4.054           9.993        0
  338            64430           4.054            9.88        1
  339            64620           4.054           7.225        2
  340            64810           4.054            6.16        3
  341            65000           4.054           5.034        4
  342            65190           4.052           4.874        0
  343            65380            4.05           4.693        0
  344            65570           4.049           5.053        0
  345            65760           4.049           5.435        0
  346            65950           4.046            7.14        0
  347            66140           4.044           8.584        0
  348            66330           4.041           10.79        0
  349            66520           4.039           16.18        0
  350            66710           4.039           24.07        1
  351            66900           4.038           21.71        0
  352            67090           4.038           31.24        1
  353            67280           4.038           22.11        2
  354            67470           4.038           20.83        0
  355            67660           4.035           19.35        0
  356            67850           4.035           29.22        1
  357            68040           4.035           25.61        0
  358            68230           4.035           32.52        0
  359            68420           4.035           31.32        1
  360            68610           4.034           25.34        0

                                  Best           Mean      Stall
Generation      Func-count        f(x)           f(x)    Generations
  361            68800           4.034           25.84        0
  362            68990           4.034           28.67        1
  363            69180           4.034           31.89        2
  364            69370           4.034           27.01        3
  365            69560           4.034           23.94        4
  366            69750           4.034           14.55        5
  367            69940           4.034           13.92        6
  368            70130           4.034           9.806        7
  369            70320           4.032           7.313        0
  370            70510           4.026           6.705        0
  371            70700           4.024           9.624        0
  372            70890           3.998           10.08        0
  373            71080           3.988           13.48        0
  374            71270           3.983           15.01        0
  375            71460           3.982            26.5        0
  376            71650           3.982           26.37        0
  377            71840           3.979           31.77        0
  378            72030           3.976           27.94        0
  379            72220           3.974           25.19        0
  380            72410           3.974           30.79        1
  381            72600           3.974           35.13        2
  382            72790           3.974           28.48        3
  383            72980           3.974           24.13        4
  384            73170           3.974           15.85        5
  385            73360           3.972           13.71        0
  386            73550           3.967           11.71        0
  387            73740           3.967           9.525        1
  388            73930           3.967           9.988        2
  389            74120           3.967           8.141        3
  390            74310           3.967           6.961        4

                                  Best           Mean      Stall
Generation      Func-count        f(x)           f(x)    Generations
  391            74500            3.96           6.538        0
  392            74690            3.96           6.497        1
  393            74880            3.96           5.727        2
  394            75070           3.956           5.275        0
  395            75260           3.956           5.258        1
  396            75450           3.955           5.117        0
  397            75640           3.948           5.096        0
  398            75830           3.948           5.905        1
  399            76020           3.948           5.255        2
  400            76210           3.948           5.127        3
  401            76400           3.942           4.794        0
  402            76590           3.942           4.498        1
  403            76780           3.942           4.293        0
  404            76970           3.942           4.316        0
  405            77160           3.941             4.5        0
  406            77350           3.939           5.134        0
  407            77540           3.939           7.433        1
  408            77730           3.938           7.022        0
  409            77920           3.936           11.64        0
  410            78110           3.934           9.458        0
  411            78300           3.934           11.94        0
  412            78490           3.934           14.59        1
  413            78680           3.934           13.72        2
  414            78870           3.934            11.5        3
  415            79060           3.934           9.456        4
  416            79250           3.931            7.68        0
  417            79440            3.93           8.988        0
  418            79630            3.93           8.562        1
  419            79820            3.93            8.85        2
  420            80010            3.93           6.763        3

                                  Best           Mean      Stall
Generation      Func-count        f(x)           f(x)    Generations
  421            80200           3.925           5.947        0
  422            80390           3.925           5.991        1
  423            80580           3.925           5.393        2
  424            80770           3.925             4.8        3
  425            80960           3.923           4.308        0
  426            81150           3.918           4.183        0
  427            81340           3.915           4.537        0
  428            81530           3.915           5.639        1
  429            81720           3.915           5.564        2
  430            81910           3.915           4.639        0
  431            82100           3.914           4.606        0
  432            82290           3.912            5.42        0
  433            82480           3.906           6.592        0
  434            82670           3.883           9.416        0
  435            82860           3.845           11.89        0
  436            83050           3.845           16.75        1
  437            83240           3.813           15.83        0
  438            83430           3.803           23.59        0
  439            83620           3.793           27.12        0
  440            83810           3.787           23.56        0
  441            84000           3.782           28.44        0
  442            84190            3.78           28.82        0
  443            84380            3.78            31.2        1
  444            84570            3.78           36.67        2
  445            84760            3.78           31.08        3
  446            84950           3.777           23.93        0
  447            85140           3.777           21.22        1
  448            85330           3.777           17.07        2
  449            85520           3.777           10.47        3
  450            85710           3.777           10.28        4

                                  Best           Mean      Stall
Generation      Func-count        f(x)           f(x)    Generations
  451            85900           3.777           7.938        0
  452            86090           3.761            7.45        0
  453            86280           3.758           12.66        0
  454            86470           3.758           12.79        1
  455            86660           3.758           10.58        2
  456            86850           3.696           10.64        0
  457            87040           3.696           10.16        0
  458            87230           3.696           17.02        1
  459            87420           3.696           19.62        2
  460            87610           3.696           16.65        3
  461            87800           3.695           10.61        0
  462            87990           3.692           11.46        0
  463            88180           3.692           10.13        1
  464            88370            3.69           10.17        0
  465            88560            3.69           8.993        0
  466            88750           3.689           12.61        0
  467            88940           3.689           13.86        1
  468            89130           3.689           18.59        2
  469            89320           3.688           14.73        0
  470            89510           3.688           14.23        1
  471            89700           3.688           11.03        2
  472            89890           3.688           10.49        3
  473            90080           3.683           8.302        0
  474            90270           3.683           7.715        1
  475            90460           3.682            7.29        0
  476            90650            3.68            10.3        0
  477            90840           3.657           7.455        0
  478            91030           3.657           13.58        1
  479            91220           3.657           13.72        2
  480            91410           3.657           14.58        3

                                  Best           Mean      Stall
Generation      Func-count        f(x)           f(x)    Generations
  481            91600            3.65            11.7        0
  482            91790           3.643           9.057        0
  483            91980           3.641           9.316        0
  484            92170            3.64           11.76        0
  485            92360           3.635           15.68        0
  486            92550           3.635           25.93        1
  487            92740           3.635            21.6        0
  488            92930           3.635           34.65        1
  489            93120           3.635           23.67        2
  490            93310           3.635           14.77        3
  491            93500           3.635           18.44        4
  492            93690           3.635           15.26        5
  493            93880           3.635            10.5        0
  494            94070           3.635           7.214        1
  495            94260           3.635           6.707        2
  496            94450           3.633           5.957        0
  497            94640           3.633           5.965        0
  498            94830           3.633           7.267        1
  499            95020           3.633           7.645        0
  500            95210           3.632           9.954        0
  501            95400           3.632            11.2        1
  502            95590           3.631           9.409        0
  503            95780            3.63           12.95        0
  504            95970            3.63           15.29        0
  505            96160           3.628           16.48        0
  506            96350           3.628            21.5        0
  507            96540           3.628           26.11        1
  508            96730           3.628           33.68        2
  509            96920           3.628           27.82        3
  510            97110           3.593           18.87        0

                                  Best           Mean      Stall
Generation      Func-count        f(x)           f(x)    Generations
  511            97300           3.589           19.75        0
  512            97490           3.589           29.66        1
  513            97680           3.587           25.94        0
  514            97870           3.587           31.39        1
  515            98060           3.586           20.26        0
  516            98250           3.586           29.94        1
  517            98440           3.586            20.7        2
  518            98630           3.586           17.25        3
  519            98820           3.586           19.71        4
  520            99010           3.586            11.5        5
  521            99200           3.586           9.374        6
  522            99390           3.586           6.986        7
  523            99580           3.583           5.433        0
  524            99770           3.583           5.587        1
  525            99960           3.582           4.959        0
  526           100150           3.581           4.913        0
  527           100340           3.581           5.819        0
  528           100530           3.581           9.837        0
  529           100720           3.581           9.305        1
  530           100910           3.581           9.732        2
  531           101100            3.58           8.476        0
  532           101290           3.579            11.8        0
  533           101480           3.579            9.73        1
  534           101670           3.579           9.707        2
  535           101860           3.576           9.032        0
  536           102050           3.571           11.32        0
  537           102240           3.571           13.65        1
  538           102430           3.571           12.42        2
  539           102620           3.571           8.748        3
  540           102810           3.571           7.564        4

                                  Best           Mean      Stall
Generation      Func-count        f(x)           f(x)    Generations
  541           103000           3.571           6.516        5
  542           103190           3.571               5        6
  543           103380           3.571           4.427        0
  544           103570           3.571           4.326        1
  545           103760           3.571           4.282        2
  546           103950            3.57           3.938        0
  547           104140           3.569           4.371        0
  548           104330           3.569            4.06        0
  549           104520           3.569           4.212        1
  550           104710           3.568           4.178        0
  551           104900           3.568           4.319        0
  552           105090           3.568           4.437        1
  553           105280           3.568           4.294        2
  554           105470           3.568           4.438        0
  555           105660           3.568           4.122        0
  556           105850           3.568           4.507        1
  557           106040           3.568           4.478        0
  558           106230           3.568           5.028        0
  559           106420           3.567           5.723        0
  560           106610           3.567           7.384        1
  561           106800           3.567           7.365        0
  562           106990           3.562           9.147        0
  563           107180           3.562              12        1
  564           107370           3.562           14.96        0
  565           107560           3.562           17.28        1
  566           107750           3.562           18.18        2
  567           107940           3.562           13.09        3
  568           108130           3.562           9.245        4
  569           108320           3.562           6.523        5
  570           108510           3.561            4.95        0

                                  Best           Mean      Stall
Generation      Func-count        f(x)           f(x)    Generations
  571           108700           3.561           4.864        1
  572           108890           3.561           4.615        2
  573           109080           3.561           4.349        0
  574           109270           3.561           4.033        0
  575           109460           3.561           4.375        0
  576           109650           3.561           4.819        1
  577           109840           3.561           4.279        0
  578           110030           3.561           5.075        0
  579           110220            3.56           6.145        0
  580           110410            3.56           7.086        0
  581           110600            3.56           7.972        1
  582           110790           3.558           8.475        0
  583           110980           3.555           9.555        0
  584           111170           3.554           15.79        0
  585           111360           3.554           21.22        1
  586           111550           3.554            15.8        2
  587           111740           3.554           16.83        3
  588           111930           3.554           10.44        4
  589           112120           3.554           10.97        5
  590           112310           3.554           8.113        0
  591           112500           3.554           6.782        1
  592           112690           3.554           5.633        0
  593           112880           3.554            5.95        0
  594           113070           3.554           10.27        1
  595           113260           3.554            10.1        2
  596           113450           3.554           7.429        0
  597           113640           3.554            7.37        1
  598           113830           3.554           6.099        0
  599           114020           3.554            6.14        0
  600           114210           3.554           8.198        1

                                  Best           Mean      Stall
Generation      Func-count        f(x)           f(x)    Generations
  601           114400           3.554           7.296        2
  602           114590           3.553           6.401        0
  603           114780           3.553           6.668        0
  604           114970           3.553            10.1        0
  605           115160           3.553           11.29        1
  606           115350           3.553           14.42        0
  607           115540           3.553           10.04        1
  608           115730           3.553           10.88        2
  609           115920           3.553           9.316        0
  610           116110           3.552           9.582        0
  611           116300           3.552           10.75        1
  612           116490           3.552           10.19        2
  613           116680           3.552           8.916        3
  614           116870           3.552           6.646        4
  615           117060           3.552           6.039        0
  616           117250           3.552           4.811        1
  617           117440           3.552           4.882        0
  618           117630           3.551           5.003        0
  619           117820            3.55           6.114        0
  620           118010            3.55           9.226        0
  621           118200            3.55           8.808        1
  622           118390            3.55           9.697        0
  623           118580            3.55           10.41        1
  624           118770           3.549           9.765        0
  625           118960           3.549           11.36        0
  626           119150           3.549           12.61        1
  627           119340           3.549           13.87        0
  628           119530           3.549           12.89        0
  629           119720           3.549           19.77        1
  630           119910           3.549           17.21        0

                                  Best           Mean      Stall
Generation      Func-count        f(x)           f(x)    Generations
  631           120100           3.549           24.75        1
  632           120290           3.549              17        2
  633           120480           3.549           12.37        3
  634           120670           3.549           14.61        4
  635           120860           3.549            10.8        5
  636           121050           3.549           8.144        6
  637           121240           3.549           5.986        7
  638           121430           3.549           5.576        8
  639           121620           3.549           4.725        9
  640           121810           3.548           4.479        0
  641           122000           3.548           3.943        0
  642           122190           3.548           3.974        0
  643           122380           3.548            4.15        0
  644           122570           3.548           4.355        1
  645           122760           3.548           4.232        0
  646           122950           3.547           4.443        0
  647           123140           3.547           6.008        1
  648           123330           3.547           5.482        0
  649           123520           3.547           6.269        1
  650           123710           3.547           5.166        0
  651           123900           3.547           5.825        0
  652           124090           3.547           8.871        0
  653           124280           3.547           9.781        0
  654           124470           3.547            9.04        0
  655           124660           3.547           14.43        0
  656           124850           3.547           25.42        0
  657           125040           3.547           26.33        1
  658           125230           3.547           26.64        2
  659           125420           3.547           27.77        3
  660           125610           3.547           22.07        4

                                  Best           Mean      Stall
Generation      Func-count        f(x)           f(x)    Generations
  661           125800           3.547           18.47        5
  662           125990           3.547           13.83        6
  663           126180           3.547           11.76        7
  664           126370           3.547           7.036        8
  665           126560           3.547           5.968        9
  666           126750           3.547           5.274       10
  667           126940           3.546           5.352        0
  668           127130           3.546           4.398        1
  669           127320           3.546           4.673        0
  670           127510           3.546           3.931        0
  671           127700           3.546           4.413        1
  672           127890           3.546           4.208        0
  673           128080           3.546           4.192        0
  674           128270           3.546           4.464        0
Optimization terminated: time limit exceeded.