 Num Pts                 Best       Current    Threshold        Local        Local                 
Analyzed  F-count        f(x)       Penalty      Penalty         f(x)     exitflag        Procedure
       0      403       238.9                                   238.9            2    Initial Point
    1000     6681       7.027                                   7.027            2    Stage 1 Local
    1022     6824       7.027         7.908        8.632        7.907            2    Stage 2 Local
    1023     6943       6.394         7.333        7.908        6.394            2    Stage 2 Local
    1066     7272       6.394         9.071           11        9.413            2    Stage 2 Local
    1067     7477       6.394         9.068        9.071        7.195            2    Stage 2 Local
    1070     7592       6.394         7.333        9.068        7.089            2    Stage 2 Local
    1092     7923       6.394         8.456            9        8.029            2    Stage 2 Local
    1094     8128       6.394          7.18        8.456        7.157            2    Stage 2 Local
    1100     8209       6.394         7.075         7.18        7.075            2    Stage 2 Local
    1101     8326       6.394          6.86        7.075        6.852            2    Stage 2 Local
    1123     8550       6.394         7.417        8.432        6.427            2    Stage 2 Local
    1125     8713       6.394         7.416        7.417        7.412            2    Stage 2 Local
    1128     8900       6.362         7.403        7.416        6.362            2    Stage 2 Local
    1129     9248       6.362         7.402        7.403        6.367            2    Stage 2 Local
    1131     9453       6.362         7.386        7.402        7.076            2    Stage 2 Local
    1133     9656       6.362         7.386        7.386        7.314            2    Stage 2 Local
    1135     9734       6.362         7.382        7.386        7.382            2    Stage 2 Local
    1137     9915       6.362         7.382        7.382         6.94            2    Stage 2 Local
    1139    10056       6.362         7.381        7.382        7.226            2    Stage 2 Local
    1147    10247       6.362         7.165        7.381        6.968            2    Stage 2 Local
    1148    10366       6.362         7.164        7.165        7.012            2    Stage 2 Local
    1176    10471       6.362          7.53        8.233         7.53            2    Stage 2 Local
    1179    10615       6.362          6.95         7.53        6.902            2    Stage 2 Local
    1183    10840       6.362         6.593         6.95        6.558            2    Stage 2 Local
    1200    10857       6.362         7.372        6.593                              Stage 2 Search
    1205    10959       6.362         7.839        8.112        7.838            2    Stage 2 Local
    1206    11402       5.831         7.349        7.839        5.831            2    Stage 2 Local
    1208    11481       5.831         7.273        7.349        7.273            2    Stage 2 Local
    1209    11559       5.831         7.207        7.273        7.207            2    Stage 2 Local
    1231    11721       5.831         7.333        8.849        7.265            2    Stage 2 Local
    1236    11821       5.831         7.314        7.333        6.681            2    Stage 2 Local
    1237    11900       5.831         7.293        7.314        7.293            2    Stage 2 Local
    1240    11980       5.831         7.154        7.293        7.154            2    Stage 2 Local
    1262    12098       5.831         7.397        8.785        7.397            2    Stage 2 Local
    1263    12241       5.831         7.372        7.397        42.14            2    Stage 2 Local
    1265    12528       5.831         7.372        7.372        11.45            2    Stage 2 Local
    1268    12887       5.831         7.372        7.372        9.103            2    Stage 2 Local
    1269    13994       4.129         7.372        7.372        4.129            2    Stage 2 Local
    1271    14345       4.129         7.372        7.372        42.11            2    Stage 2 Local
    1272    14959       4.129         7.372        7.372        5.681            2    Stage 2 Local
    1273    15395       4.129         7.372        7.372        8.097            2    Stage 2 Local
    1274    15687       4.129         7.372        7.372        11.31            2    Stage 2 Local
    1275    16117       4.129         7.372        7.372        39.84            2    Stage 2 Local
    1277    16473       4.129         7.372        7.372        6.762            2    Stage 2 Local
    1300    16496       4.129         6.572        6.567                              Stage 2 Search
    1333    16795       4.129         6.592        7.089        6.526            2    Stage 2 Local
    1400    16862       4.129         13.25        7.772                              Stage 2 Search
    1451    17316       4.129         6.595        7.864        6.532            2    Stage 2 Local
    1500    17365       4.129         6.608        6.553                              Stage 2 Search
    1565    17571       4.129         6.601        6.602        41.08            2    Stage 2 Local
    1590    17923       4.129         6.567         6.58        6.547            2    Stage 2 Local
    1591    18062       4.129         6.562        6.567        6.559            2    Stage 2 Local
    1600    18071       4.129         6.564        6.562                              Stage 2 Search
    1613    18163       4.129         6.568        8.075        40.92            2    Stage 2 Local
    1616    18509       4.129         6.564        6.568        37.61            2    Stage 2 Local
    1617    18648       4.129          6.56        6.564        8.918            2    Stage 2 Local
    1620    19190       4.129         6.555         6.56        4.924            2    Stage 2 Local
    1662    19702       4.129          7.87        7.962        6.356            2    Stage 2 Local
    1663    19862       4.129         6.485         7.87        6.501            2    Stage 2 Local
    1700    19899       4.129          6.56        7.823                              Stage 2 Search
    1701    19997       4.129         6.457        7.823        6.446            2    Stage 2 Local
    1717    20234       4.129         6.339        6.457        6.204            2    Stage 2 Local
    1739    20479       4.129          7.62        7.807        6.366            2    Stage 2 Local
    1741    20575       4.129         6.796         7.62        11.05            2    Stage 2 Local
    1742    20710       4.129         6.636        6.796        6.615            2    Stage 2 Local
    1744    21045       4.129         6.528        6.636        6.438            2    Stage 2 Local
    1748    21142       4.129         6.523        6.528        6.523            2    Stage 2 Local
    1800    21194       4.129         6.379        6.151                              Stage 2 Search
    1815    21349       4.129          6.83        7.581        6.442            2    Stage 2 Local
    1816    21554       4.129         6.709         6.83        6.036            2    Stage 2 Local
    1817    21694       4.129         6.613        6.709        6.236            2    Stage 2 Local
    1845    21881       4.129         6.286        7.155        6.233            2    Stage 2 Local
    1867    21980       4.129         6.509        7.743        6.508            2    Stage 2 Local
    1870    22079       4.129         6.497        6.509        6.497            2    Stage 2 Local
    1874    22181       4.129         6.455        6.497        6.455            2    Stage 2 Local
    1882    22415       4.129         6.454        6.455        6.411            2    Stage 2 Local
    1900    22433       4.129         6.559        6.454                              Stage 2 Search
    1906    22643       4.129         6.581        7.944        6.461            2    Stage 2 Local
    1907    22845       4.129         6.517        6.581        6.084            2    Stage 2 Local
    1923    23000       4.129         6.511        6.517        6.499            2    Stage 2 Local
    1945    23792       4.129         6.541        8.013        4.371            2    Stage 2 Local
    1947    23867       4.129         6.537        6.541        40.99            2    Stage 2 Local
    1952    24117       4.129         6.524        6.537        6.102            2    Stage 2 Local
    1956    24632       4.129         6.514        6.524        13.56            2    Stage 2 Local
    1959    24690       4.129         6.487        6.514        6.487            2    Stage 2 Local
    1974    25116       4.129         6.434        6.487        7.837            2    Stage 2 Local
    2000    25142       4.129         6.797        6.176                              Stage 2 Search
    2002    25285       4.129         5.987        6.176        5.586            2    Stage 2 Local
    2010    25560       4.129         5.987        5.987        5.769            2    Stage 2 Local
    2018    25732       4.129         5.987        5.987        5.363            2    Stage 2 Local
    2054    25971       4.129         6.785        6.797        6.495            2    Stage 2 Local
    2064    26246       4.129         6.512        6.538         9.39            2    Stage 2 Local
    2065    26470       4.129         6.512        6.512        7.277            2    Stage 2 Local
    2097    26796       4.129         6.242        6.367        6.121            2    Stage 2 Local
    2098    27080       4.129         6.242        6.242        6.137            2    Stage 2 Local
    2100    27082       4.129         6.449        6.242                              Stage 2 Search
    2106    27228       4.129         6.108        6.242          6.1            2    Stage 2 Local
    2108    27516       4.129         6.099        6.108        5.973            2    Stage 2 Local
    2112    27618       4.129         6.081        6.099        6.082            2    Stage 2 Local
    2113    27798       4.129         6.081        6.081        6.055            2    Stage 2 Local
    2114    28045       4.129         6.081        6.081        6.028            2    Stage 2 Local
    2115    28144       4.129         6.081        6.081        6.077            2    Stage 2 Local
    2120    28269       4.129         6.036        6.081        6.036            2    Stage 2 Local
    2200    28349       4.129         9.048        7.379                              Stage 2 Search
    2201    28553       4.129         6.873        7.379        6.848            2    Stage 2 Local
    2206    28779       4.129         6.145        6.873        6.047            2    Stage 2 Local
    2210    28837       4.129          5.68        6.145         5.68            2    Stage 2 Local
    2235    28980       4.129         5.919        7.017        5.904            2    Stage 2 Local
    2246    29215       4.129         5.745        5.919        5.717            2    Stage 2 Local
    2268    29376       4.129         6.793        7.094        40.05            2    Stage 2 Local
    2272    30323       4.129         6.793        6.793        4.164            2    Stage 2 Local
    2280    30511       4.129         5.987        6.793        5.919            2    Stage 2 Local
    2284    30639       4.129         5.813        5.981        5.813            2    Stage 2 Local
    2300    30655       4.129         6.688        5.675                              Stage 2 Search
    2334    30897       4.129         6.021        6.125        5.972            2    Stage 2 Local
    2400    30963       4.129         8.396        5.876                              Stage 2 Search
    2454    31071       4.129         5.969        6.522        40.83            2    Stage 2 Local
    2491    31185       4.129         5.578        5.771        5.578            2    Stage 2 Local
    2500    31194       4.129         6.447        5.578                              Stage 2 Search
    2505    31298       4.129          5.54        5.578        5.522            2    Stage 2 Local
    2527    31375       4.129         6.275        6.848        6.275            2    Stage 2 Local
    2528    31536       4.129         5.744        6.275        5.744            2    Stage 2 Local
    2530    31743       4.129         5.737        5.744        5.472            2    Stage 2 Local
    2539    31848       4.129          5.73        5.737        5.728            2    Stage 2 Local
    2546    31995       4.129         5.724         5.73        5.503            2    Stage 2 Local
    2552    32141       4.129         5.625        5.724        5.624            2    Stage 2 Local
    2574    32240       4.129         6.007         6.95        41.11            2    Stage 2 Local
    2576    32381       4.129         5.921        6.007        5.911            2    Stage 2 Local
    2579    32568       4.129         5.789        5.921        5.187            2    Stage 2 Local
    2600    32589       4.129         5.871        7.147                              Stage 2 Search
    2601    33041       4.129         5.892        7.147        6.526            2    Stage 2 Local
    2607    33145       4.129         5.827        5.892        5.801            2    Stage 2 Local
    2619    33553       4.129         5.572        5.827        5.449            2    Stage 2 Local
    2637    33650       4.129         5.478        5.572        5.478            2    Stage 2 Local
    2700    33713       4.129         8.206        5.588                              Stage 2 Search
    2772    34006       4.129         5.745        6.877        5.586            2    Stage 2 Local
    2776    34085       4.129         5.665        5.675        5.665            2    Stage 2 Local
    2778    34182       4.129         5.612        5.665        5.591            2    Stage 2 Local
    2790    34374       4.129         5.589        5.612        5.558            2    Stage 2 Local
    2800    34384       4.129         6.558        5.589                              Stage 2 Search
    2805    34631       4.129         5.487        5.589        5.432            2    Stage 2 Local
    2827    34771       4.129         5.677        6.785        5.675            2    Stage 2 Local
    2828    34885       4.129         5.369        5.677        5.184            2    Stage 2 Local
    2850    35028       4.129         5.829        6.643        5.566            2    Stage 2 Local
    2852    35109       4.129         5.731        5.829        5.731            2    Stage 2 Local
    2859    35379       4.129         5.647        5.731        5.546            2    Stage 2 Local
    2860    35457       4.129         5.642        5.647        5.584            2    Stage 2 Local
    2863    35781       4.129         5.599        5.642        5.395            2    Stage 2 Local
    2864    36040       4.129         5.599        5.599        5.395            2    Stage 2 Local
    2866    36205       4.129         5.399        5.599        5.388            2    Stage 2 Local
    2888    36438       4.129         5.595        6.679        5.515            2    Stage 2 Local
    2891    36599       4.129         5.468        5.595        5.404            2    Stage 2 Local
    2900    36608       4.129         6.682        5.468                              Stage 2 Search
    2913    37258       4.129         5.597        6.762        5.406            2    Stage 2 Local
    2917    37316       4.129         5.547        5.597        40.18            2    Stage 2 Local
    2923    37460       4.129         5.455        5.547        5.451            2    Stage 2 Local
    2945    37644       4.129         6.566        6.746        5.627            2    Stage 2 Local
    2946    37908       4.129         5.728        6.566         16.3            2    Stage 2 Local
    2947    38178       4.129         5.727        5.728         7.89            2    Stage 2 Local
    2948    38297       4.129         5.514        5.727        5.511            2    Stage 2 Local
    2958    38379       4.129         5.459        5.514        5.459            2    Stage 2 Local
    3000    38421       4.129         6.139        6.139                              Stage 2 Search
    3019    38607       4.129         5.639        5.681        5.466            2    Stage 2 Local
    3034    38720       4.129          5.37        5.639        5.367            2    Stage 2 Local
    3056    38970       4.129         5.474        6.644        5.462            2    Stage 2 Local
    3058    39133       4.129         5.431        5.474        5.397            2    Stage 2 Local
    3060    39340       4.129         5.396        5.431        5.359            2    Stage 2 Local
    3061    39480       4.129         5.384        5.396        5.384            2    Stage 2 Local
    3083    39578       4.129         5.392        6.661        5.386            2    Stage 2 Local
    3084    39742       4.129         5.387        5.392        5.378            2    Stage 2 Local
    3100    39758       4.129         5.564        5.387                              Stage 2 Search
    3106    39840       4.129         5.538        6.665        5.538            2    Stage 2 Local
    3108    39961       4.129         5.419        5.538        5.416            2    Stage 2 Local
    3109    40270       4.129         5.383        5.419        5.363            2    Stage 2 Local
    3131    40473       4.129          5.42         6.66        5.394            2    Stage 2 Local
    3138    40705       4.129         5.412         5.42        5.363            2    Stage 2 Local
    3160    40869       4.129         5.502        6.694        4.914            2    Stage 2 Local
    3162    41095       4.129         5.432        5.502        5.398            2    Stage 2 Local
    3177    41492       4.129          5.43        5.432         5.39            2    Stage 2 Local
    3178    41607       4.129         5.389         5.43        5.378            2    Stage 2 Local
    3200    41814       4.129         5.492        6.666        5.407            2    Stage 2 Local
    3201    41959       4.129         5.396        5.492        5.392            2    Stage 2 Local
    3223    44238       4.129          5.42        6.675        4.594            2    Stage 2 Local
    3245    44358       4.129         5.499        6.703        5.493            2    Stage 2 Local
    3249    44676       4.129         5.473        5.499        14.09            2    Stage 2 Local
    3254    45150       4.129         5.471        5.473        5.951            2    Stage 2 Local
    3260    45254       4.129          5.47        5.471        5.467            2    Stage 2 Local
    3282    45580       4.129         6.711        6.764         5.55            2    Stage 2 Local
    3283    46968       3.562         5.505        6.711        3.562            2    Stage 2 Local
    3300    46985       3.562         32.14        5.505                              Stage 2 Search
    3313    47095       3.562         5.482        6.806        5.481            2    Stage 2 Local
    3317    47258       3.562         5.396        5.482        5.391            2    Stage 2 Local
    3329    47383       3.562          5.38        5.396         5.38            2    Stage 2 Local
    3366    47552       3.562         6.397        6.498        6.391            2    Stage 2 Local
    3367    47840       3.562         5.746        6.397         5.72            2    Stage 2 Local
    3377    48052       3.562         5.563        5.618         5.56            2    Stage 2 Local
    3400    48075       3.562         7.544        6.875                              Stage 2 Search
    3405    48178       3.562         5.735        6.157        5.681            2    Stage 2 Local
    3409    48301       3.562         5.688        5.735        5.687            2    Stage 2 Local
    3411    48526       3.562         5.672        5.688         5.44            2    Stage 2 Local
    3412    48709       3.562         5.401        5.672        5.315            2    Stage 2 Local
    3414    48858       3.562         5.377        5.401        5.369            2    Stage 2 Local
    3431    49498       3.562         5.373        5.377        5.005            2    Stage 2 Local
    3432    49597       3.562         5.362        5.373        5.361            2    Stage 2 Local
    3446    49794       3.562         5.271        5.362        5.185            2    Stage 2 Local
    3468    49956       3.562         5.393        6.525        5.389            2    Stage 2 Local
    3469    50078       3.562         5.369        5.393        5.369            2    Stage 2 Local
    3491    50241       3.562          5.41        6.643        5.394            2    Stage 2 Local
    3494    50385       3.562         5.402         5.41        5.396            2    Stage 2 Local
    3497    50464       3.562         5.379        5.402        5.379            2    Stage 2 Local
    3500    50467       3.562         5.438        5.379                              Stage 2 Search
    3519    50711       3.562         5.382        6.655        5.372            2    Stage 2 Local
    3531    50883       3.562         5.369        5.382        5.368            2    Stage 2 Local
    3553    51023       3.562         5.566        6.643        5.532            2    Stage 2 Local
    3554    51187       3.562         5.441        5.566        5.421            2    Stage 2 Local
    3555    51308       3.562         5.431        5.441        5.378            2    Stage 2 Local
    3557    51451       3.562         5.393        5.431        5.378            2    Stage 2 Local
    3577    51761       3.562         5.369        5.375        4.876            2    Stage 2 Local
    3599    51837       3.562          5.54        6.643         5.54            2    Stage 2 Local
    3600    51936       3.562         5.401         5.54          5.4            2    Stage 2 Local
    3604    51994       3.562         5.397        5.401        40.55            2    Stage 2 Local
    3608    52117       3.562         5.381        5.397        5.372            2    Stage 2 Local
    3610    52280       3.562         5.379        5.381         15.3            2    Stage 2 Local
    3632    52464       3.562         5.392        6.654        5.364            2    Stage 2 Local
    3633    53103       3.562         5.374        5.392        3.871            2    Stage 2 Local
    3655    53660       3.562         5.453        6.649        5.307            2    Stage 2 Local
    3684    53913       3.562         6.134        6.743        13.95            2    Stage 2 Local
    3685    53969       3.562         5.615        6.134        5.615            2    Stage 2 Local
    3688    54072       3.562          5.54        5.615        9.766            2    Stage 2 Local
    3698    54201       3.562         5.367        5.459        5.365            2    Stage 2 Local
    3700    54203       3.562         9.898        5.367                              Stage 2 Search
    3721    54342       3.562         6.313        6.641        6.691            2    Stage 2 Local
    3762    54587       3.562         5.896        6.522        5.339            2    Stage 2 Local
    3764    54708       3.562         5.464        5.504        5.462            2    Stage 2 Local
    3767    55229       3.562         5.443        5.464        5.042            2    Stage 2 Local
    3768    55284       3.562         5.386        5.443        5.386            2    Stage 2 Local
    3775    55473       3.562         5.375        5.386        5.269            2    Stage 2 Local
    3788    55668       3.562         5.344        5.361        5.314            2    Stage 2 Local
    3800    55680       3.562         5.374        5.344                              Stage 2 Search
    3801    56022       3.562         5.249        5.344        5.158            2    Stage 2 Local
    3823    56286       3.562         5.397        6.499        5.368            2    Stage 2 Local
    3824    56489       3.562         5.378        5.397        5.376            2    Stage 2 Local
    3830    56550       3.562         5.353        5.378        5.353            2    Stage 2 Local
    3840    56656       3.562          5.35        5.353         5.34            2    Stage 2 Local
    3862    56860       3.562          5.34         6.62        5.324            2    Stage 2 Local
    3884    57000       3.562         5.477        6.608        5.476            2    Stage 2 Local
    3885    57439       3.562         5.357        5.477        8.864            2    Stage 2 Local
    3890    57542       3.562           5.3        5.357        8.545            2    Stage 2 Local
    3900    57552       3.562         5.521          5.3                              Stage 2 Search
    3912    57683       3.562         5.455        6.561           20            2    Stage 2 Local
    3914    57783       3.562         5.358        5.455        5.358            2    Stage 2 Local
    3936    57944       3.562         5.374        6.629        5.351            2    Stage 2 Local
    3940    58128       3.562         5.358        5.374        8.028            2    Stage 2 Local
    3953    58259       3.562         5.277        5.358        5.241            2    Stage 2 Local
    3988    58520       3.562         6.173        6.486        5.262            2    Stage 2 Local
    3990    58620       3.562         5.394        5.565        5.289            2    Stage 2 Local
    3998    58785       3.562         5.295        5.394        5.289            2    Stage 2 Local
    4000    58787       3.562         9.907        5.295                              Stage 2 Search
    4020    59351       3.562         5.299        6.554        5.142            2    Stage 2 Local
    4100    59612       3.562         6.134        6.615        6.019            2    Stage 2 Local
    4102    59943       3.562         5.499        6.134        5.296            2    Stage 2 Local
    4104    60076       3.562         5.478        5.499        5.399            2    Stage 2 Local
    4105    60217       3.562         5.334        5.478        5.323            2    Stage 2 Local
    4127    60335       3.562         5.474        6.601        41.44            2    Stage 2 Local
    4129    60519       3.562         5.442        5.474        5.249            2    Stage 2 Local
    4131    60619       3.562         5.369        5.442        5.369            2    Stage 2 Local
    4136    60781       3.562         5.288        5.369        5.285            2    Stage 2 Local
    4161    60860       3.562         5.625        6.502        39.86            2    Stage 2 Local
    4184    61078       3.562         5.311        6.522        5.288            2    Stage 2 Local
    4185    61242       3.562         5.295        5.311         5.29            2    Stage 2 Local
    4189    61384       3.562         5.293        5.295        5.274            2    Stage 2 Local
    4193    61590       3.562         5.292        5.293        5.272            2    Stage 2 Local
    4198    61820       3.562         5.288        5.292        5.261            2    Stage 2 Local
    4200    61822       3.562         5.299        5.288                              Stage 2 Search
    4220    62147       3.562         5.299        6.546         7.26            2    Stage 2 Local
    4221    62846       3.562         5.299        5.299        4.427            2    Stage 2 Local
    4222    63156       3.562         5.299        5.299        8.071            2    Stage 2 Local
    4231    63305       3.562         5.293        5.299        5.269            2    Stage 2 Local
    4232    63468       3.562         5.282        5.293        5.249            2    Stage 2 Local
    4300    63536       3.562         15.06        5.162                              Stage 2 Search
    4329    63844       3.562         6.142        6.151        5.696            2    Stage 2 Local
    4330    64202       3.562         5.986        6.142          5.9            2    Stage 2 Local
    4336    64307       3.562         5.526        5.986        5.517            2    Stage 2 Local
    4339    64445       3.562         5.478        5.526        5.451            2    Stage 2 Local
    4345    64550       3.562         5.401        5.478        5.401            2    Stage 2 Local
    4352    64803       3.562         5.375        5.401        5.132            2    Stage 2 Local
    4354    65344       3.562         5.294        5.375        5.681            2    Stage 2 Local
    4400    65390       3.562         5.175        5.156                              Stage 2 Search
    4500    65490       3.562         5.215        5.156                              Stage 2 Search
    4525    65634       3.562         5.175        6.391         5.17            2    Stage 2 Local
    4526    65838       3.562         5.169        5.175         15.5            2    Stage 2 Local
    4548    66106       3.562         5.538        6.403        5.413            2    Stage 2 Local
    4553    66262       3.562         5.314        5.497         5.29            2    Stage 2 Local
    4558    66405       3.562         5.264        5.314        5.209            2    Stage 2 Local
    4559    66567       3.562         5.256        5.264        5.245            2    Stage 2 Local
    4569    66711       3.562         5.254        5.256        5.239            2    Stage 2 Local
    4591    66807       3.562          5.29        6.505        14.94            2    Stage 2 Local
    4600    66816       3.562         6.242         5.29                              Stage 2 Search
    4618    66955       3.562         6.221        6.548        8.084            2    Stage 2 Local
    4619    67094       3.562         5.852        6.221        14.48            2    Stage 2 Local
    4621    68137       3.562         5.828        5.852        4.003            2    Stage 2 Local
    4622    68215       3.562         5.802        5.828        14.58            2    Stage 2 Local
    4629    68340       3.562         5.082        5.085        5.084            2    Stage 2 Local
    4634    68466       3.562         4.943        4.968        7.052            2    Stage 2 Local
    4643    68573       3.562         4.941        4.943        4.802            2    Stage 2 Local
    4686    68839       3.562         5.134        5.157        5.108            2    Stage 2 Local
    4700    68853       3.562         5.207        5.134                              Stage 2 Search
    4708    68938       3.562         5.158        6.361        5.157            2    Stage 2 Local
    4710    69079       3.562         5.118        5.158        5.107            2    Stage 2 Local
    4724    69299       3.562         5.073        5.086        5.048            2    Stage 2 Local
    4734    69504       3.562         5.071        5.073        5.067            2    Stage 2 Local
    4800    69570       3.562         5.856        5.013                              Stage 2 Search
    4810    69760       3.562         4.895        4.919        4.828            2    Stage 2 Local
    4822    69848       3.562          4.85        4.895         4.79            2    Stage 2 Local
    4844    70297       3.562         4.947         6.02        5.904            2    Stage 2 Local
    4845    70677       3.562         4.946        4.947        4.927            2    Stage 2 Local
    4854    70764       3.562         4.941        4.946        4.941            2    Stage 2 Local
    4875    70927       3.562         4.941        4.941        4.795            2    Stage 2 Local
    4892    71186       3.562         4.896        4.941        4.789            2    Stage 2 Local
    4898    71349       3.562         4.877        4.896        4.866            2    Stage 2 Local
    4899    71686       3.562         4.862        4.877        9.239            2    Stage 2 Local
    4900    71687       3.562         36.58        4.862                              Stage 2 Search
    4906    71874       3.562         4.862        4.862        12.65            2    Stage 2 Local
    4909    72116       3.562         4.856        4.862        4.741            2    Stage 2 Local
    4951    72278       3.562         5.201        5.228        5.193            2    Stage 2 Local
    4973    72511       3.562          4.81        5.093         32.1            2    Stage 2 Local
    5000    72538       3.562         13.13         4.91                              Stage 2 Search

GlobalSearch stopped because it analyzed all the trial points.

All 292 local solver runs converged with a positive local solver exit flag.