    Run       Local       Local      Local    Local   First-order
   Index     exitflag      f(x)     # iter   F-count   optimality
       1         2        238.9        17       403         398.9
       2         2        269.7         9       227     2.629e+08
       3         2        238.2         4       118          4633
       4         2        4.263        41       864         971.9
       5         2        278.2        14       337     1.718e+08
       6         2        3.742        28       615     1.014e+04
       7         2         5.52        15       326     7.845e+04
       8         2        6.065        26       556     4.854e+04
       9         2         8.97        11       270     9.472e+04
      10         2        6.519        19       422     1.042e+04
      11         2        238.7        24       575     6.395e+08
      12         2        280.9         9       192     1.488e+04
      13         2        242.5        12       301     3.393e+08
      14         2        22.26        26       558         731.7
      15         2        7.225        48       930     4.316e+04
      16         2        3.647        48       983     1.407e+04
      17         2        279.4        16       362          1462
      18         2        279.4        13       318         241.5
      19         2        5.799        26       563     1.356e+05
      20         2         21.8        11       259          1847
      21         2        16.34        30       664     3.334e+04
      22         2        282.1        17       412         580.3
      23         2        281.6        17       393          92.8
      24         2        7.894        15       334     2.219e+05
      25         2        16.86         7       175      3.78e+04
      26         2        223.7        11       268           887
      27         2        277.4        12       291         205.3
      28         2        246.6         8       202     2.116e+08
      29         2        266.8         9       223     1.909e+08
      30         2          237        12       300         453.1
      31         2        11.26        61      1233          1688
      32         2        277.3         6       156          1190
      33         2        4.234        34       730          7502
      34         2        3.447        49      1070          5599
      35         2        285.8        16       368          3039
      36         2        21.41        62      1278         55.39
      37         2        261.7         8       204          1127
      38         2        276.3        28       614         64.65
      39         2        4.231        29       622         417.1
      40         2        4.855        43       908          9252
      41         2        236.6        14       340           171
      42         2        279.5        14       318          1676
      43         2        272.5        12       287     2.442e+08
      44         2        19.01         7       180     5.184e+04
      45         2        5.717        24       535     9.473e+04
      46         2        4.446        65      1323         443.6
      47         2        4.174        40       818          3656
      48         2        5.498        22       501     1.449e+04
      49         2        61.18         4       115          3165
      50         2        3.856        70      1472          3461
      51         2        259.8        16       375     2.071e+08
      52         2        5.556        15       337          6127
      53         2        232.2        15       361     4.568e+08
      54         2        281.5        11       247          4497
      55         2        3.809        35       752     3.158e+04
      56         2        19.71        10       249     2.926e+04
      57         2        281.3        14       332          8198
      58         2        8.214        18       408     2.361e+04
      59         2         5.22        22       501         771.1
      60         2        254.2        11       266     2.143e+08
      61         2        5.292        33       714         582.8
      62         2        279.4        17       397           443
      63         2        281.2         9       216          2151
      64         2        278.9        14       329          3613
      65         2        279.9        13       303           486
      66         2        236.5        11       261         45.43
Warning: Matrix is close to singular or badly scaled. Results may be inaccurate. RCOND =  1.739560e-17. 
> In backsolveSys
In solveKKTsystem
In computeTrialStep
In barrier
In fmincon (line 862)
In globaloptim.multistart.fmultistart
In globaloptim.multistart.fmultistart
In MultiStart/run (line 257)
In optimization2 (line 37)
 
      67         2        236.9         9       223     9.784e+08
      68         2        46.28         4       119          2045
      69         2        278.8        16       383          18.2
      70         2        278.4        18       404          2152
      71         2        258.9        12       293     2.102e+08
      72         2        7.761        19       423          4233
      73         2        6.234        38       835     1.304e+04
      74         2        56.13         3        94          5651
      75         2        279.7        15       336          6444
      76         2        283.3        23       519      1.17e+08
      77         2        276.2        18       423         19.97
      78         2        273.4        24       554     1.632e+08
      79         2        9.753        11       260     8.764e+04
      80         2         4.07        47       973          7091
      81         2        276.6        20       441         82.79
      82         2        7.873        25       554     1.141e+04
      83         2        293.4        36       733         677.1
      84         2         7.19        29       641          8303
      85         2        261.2        15       376          2831
      86         2        4.253        42       900     7.778e+04
      87         2        5.672        23       518         569.2
      88         2        275.1        25       582         42.41
      89         2        8.813        31       679     2.348e+04
      90         2        239.2        12       302      2.28e+08
      91         2          282        35       786         210.3
      92         2        282.8        15       349     1.215e+08
      93         2        277.1         3        99          2209
      94         2        6.338        21       468     3.141e+04
      95         2        5.434        26       571     1.274e+05
      96         2        278.2        19       453         53.51
      97         2        7.798         9       225     2.207e+04
      98         2        25.19        31       641     2.022e+04
      99         2        4.313        88      1791         761.3
     100         2          262         4       117         303.2
     101         2        278.4         8       208          1120
     102         2        260.7        10       244     2.188e+08
     103         2        241.2        14       335          4635
     104         2        6.188        17       388     1.991e+05
     105         2        281.2        10       232         187.6
     106         2        280.6        15       321          3397
     107         2        240.7         6       161          1213
     108         2        12.68        52      1078         891.6
     109         2        7.708        11       266     1.994e+04
     110         2        274.9        19       487     1.245e+08
     111         2          240        13       320         322.9
     112         2        275.8        17       376          3818
     113         2        11.32         3        96          1815
     114         2         5.27        19       418          4122
     115         2        4.685        31       692          2397
     116         2        279.6        14       319          2131
     117         2        6.603        60      1247      2.28e+04
     118         2        20.08        60      1253          2335
     119         2        247.9        20       466         336.2
     120         2        281.2        12       280         4.871
     121         2        239.8        18       440     2.184e+08
     122         2        4.926        28       620          4027
     123         2        15.53        21       465     1.579e+04
     124         2        4.151        43       898     6.193e+04
     125         2        227.9        15       358          1028
     126         2        246.6        13       312     2.186e+08
     127         2        36.86         2        73          6070
     128         2         8.06        19       432          2633
     129         2        223.9        10       260     2.563e+08
     130         2        279.1        22       497         535.4
     131         2        5.645       110      2138          2706
     132         2        5.335        40       820     1.927e+05
     133         2        14.08        40       843     2.077e+04
     134         2          254         5       146         903.1
     135         2        237.1        10       247     2.323e+08
     136         2        261.5         8       223         27.83
     137         2          280        15       359          2743
     138         2        3.941        76      1584     1.497e+04
     139         2         6.11        10       242     2.478e+05
     140         2        274.1         4       116         144.2
     141         2        273.1        19       453     1.575e+08
     142         2        7.147        17       406     3.505e+04
     143         2        278.7        22       506         230.2
     144         2        279.4         7       178         44.33
     145         2        21.84        11       261     2.222e+04
     146         2          275        20       453         241.9
     147         2        230.6        12       316     6.217e+08
     148         2         6.16        32       690     4.553e+04
     149         2        4.459        17       403          5688
     150         2        281.4        18       408         731.9
     151         2        279.6        22       498         129.7
     152         2        4.663        38       809          6018
     153         2        283.8         7       174          5046
     154         2        6.451        10       241     1.488e+04
     155         2        279.9        11       258          2907
     156         2        283.8         9       216          5854
     157         2        232.6        12       293     2.502e+08
     158         2        280.5        16       374         446.8
     159         2        5.009        28       602     1.141e+04
     160         2        282.8         7       178         438.4
     161         2        3.912        50      1040          8632
     162         2        3.939        36       745          5785
     163         2        274.8        17       395         186.7
     164         2        276.3        17       386          3860
     165         2        10.49         5       136          7920
     166         2        278.5         9       225          69.3
     167         2        278.1        13       304         127.5
     168         2        8.484        33       733         636.7
     169         2        281.6        14       307     1.173e+08
     170         2        230.9        20       461     2.349e+08
     171         2        246.2        12       293     2.206e+08
     172         2        5.152        21       452     1.146e+05
     173         2        282.7        13       304         418.2
     174         2        238.3         8       213         297.5
     175         2        275.2        21       481          47.6
     176         2        280.7         4       109         919.7
     177         2        279.7        39       885         52.93
     178         2        239.7        16       383          5815
     179         2        275.9         4       117           881
     180         2        289.9        19       404          7381
     181         2        280.8         9       247          2465
     182         2        4.912        12       282     1.442e+05
     183         2        11.51        26       562     2.664e+04
     184         2          263        10       256     1.977e+08
     185         2        275.7        19       440     2.066e+08
     186         2        280.5        29       661         762.5
     187         2        277.8        28       625     1.191e+08
     188         2        279.8         6       154          2694
     189         2        274.8        17       401         20.23
     190         2        279.3        16       340          2212
     191         2        19.53         9       226          1361
     192         2        5.006        68      1411          1877
     193         2        4.806        82      1639          4858
     194         2        272.6        14       354     1.789e+08
     195         2        280.1         6       157         69.96
     196         2        280.5        34       734          4479
     197         2        275.2         9       228          1517
     198         2        3.906        57      1256         6.706
     199         2        277.9         5       134          2139
     200         2        277.6        21       473         292.2

MultiStart completed the runs from all start points.

All 200 local solver runs converged with a positive local solver exit flag.